9419 641 0 0 0 0 0 0 0 0 0 0 0 0 0 0 0 0 0 0 0 0 0 0 0
6534 3462 64 0 0 0 0 0 0 0 0 0 0 0 0 0 0 0 0 0 0 0 0 0 0
3887 5607 553 13 0 0 0 0 0 0 0 0 0 0 0 0 0 0 0 0 0 0 0 0 0
2081 6046 1777 146 10 0 0 0 0 0 0 0 0 0 0 0 0 0 0 0 0 0 0 0 0
1220 4839 3353 572 76 0 0 0 0 0 0 0 0 0 0 0 0 0 0 0 0 0 0 0 0
750 3638 3942 1421 255 51 3 0 0 0 0 0 0 0 0 0 0 0 0 0 0 0 0 0 0
529 2503 3914 2327 578 163 35 11 0 0 0 0 0 0 0 0 0 0 0 0 0 0 0 0 0
337 1803 3266 2902 1244 333 125 50 0 0 0 0 0 0 0 0 0 0 0 0 0 0 0 0 0
211 1343 2639 2780 1946 821 181 116 23 0 0 0 0 0 0 0 0 0 0 0 0 0 0 0 0
109 1011 2080 2567 2155 1392 505 134 77 30 0 0 0 0 0 0 0 0 0 0 0 0 0 0 0
83 735 1551 2269 2162 1757 999 322 100 66 16 0 0 0 0 0 0 0 0 0 0 0 0 0 0
80 478 1110 2014 2055 1885 1310 705 282 86 37 14 4 0 0 0 0 0 0 0 0 0 0 0 0
80 338 782 1702 1816 2007 1488 1013 494 235 77 8 20 0 0 0 0 0 0 0 0 0 0 0 0
66 196 568 1468 1629 1886 1498 1217 865 403 204 40 14 6 0 0 0 0 0 0 0 0 0 0 0
60 145 451 1045 1554 1555 1735 1346 968 674 351 144 12 15 5 0 0 0 0 0 0 0 0 0 0
59 101 310 786 1373 1479 1685 1432 1005 955 512 242 90 11 14 6 0 0 0 0 0 0 0 0 0
54 84 220 554 1109 1491 1585 1408 1209 992 722 378 181 53 0 10 10 0 0 0 0 0 0 0 0
40 53 158 428 838 1191 1714 1419 1283 983 907 552 338 95 27 7 20 0 0 0 0 0 0 0 0
40 47 117 361 660 1051 1427 1511 1231 1082 1054 646 480 247 46 22 18 0 0 0 0 0 0 0 0
40 58 82 267 535 846 1094 1463 1408 1210 1034 845 650 304 160 35 9 0 0 0 0 0 0 0 0
40 32 104 158 399 738 943 1299 1365 1455 1033 853 770 468 313 50 17 3 0 0 0 0 0 0 0
40 0 104 136 355 531 828 1072 1418 1494 1154 911 735 708 380 138 16 20 0 0 0 0 0 0 0
40 0 87 102 247 541 614 1033 1074 1629 1188 1058 916 730 386 299 77 19 0 0 0 0 0 0 0
40 0 37 112 182 412 460 934 1021 1442 1448 973 1119 852 423 416 107 62 0 0 0 0 0 0 0
40 0 21 92 146 367 374 797 1002 1160 1403 1233 1146 999 607 341 229 83 0 0 0 0 0 0 0
40 0 28 46 153 246 352 591 1094 953 1383 1272 1222 1053 804 402 247 146 8 0 0 0 0 0 0
40 0 21 28 137 206 340 481 901 914 1293 1267 1353 1151 867 553 303 167 18 0 0 0 0 0 0
40 0 20 20 90 203 295 338 846 859 1229 1225 1404 1258 971 615 402 194 31 0 0 0 0 0 0
40 0 20 20 6 224 289 277 684 781 1108 1335 1324 1468 1018 667 480 249 50 0 0 0 0 0 0
40 0 17 10 13 128 313 267 524 748 1091 1219 1318 1551 1219 727 425 390 40 0 0 0 0 0 0
40 0 0 20 20 68 272 320 393 678 1012 1155 1366 1585 1378 865 440 353 75 0 0 0 0 0 0
40 0 0 20 20 23 189 339 324 683 945 1114 1279 1623 1507 946 565 334 79 10 0 0 0 0 0
40 0 0 20 20 9 133 318 326 544 827 1175 1185 1748 1522 1095 635 334 89 20 0 0 0 0 0
40 0 0 20 20 16 78 258 345 432 784 1078 1292 1709 1679 1098 726 377 68 10 10 0 0 0 0
40 0 0 6 34 3 85 206 366 369 818 1010 1108 1834 1580 1359 794 326 80 21 1 0 0 0 0
40 0 0 0 40 0 71 168 375 303 714 1014 1175 1654 1828 1416 826 331 77 8 0 0 0 0 0
40 0 0 0 40 0 60 133 315 289 658 923 1186 1859 1831 1486 790 340 83 7 0 0 0 0 0
40 0 0 0 25 15 58 98 266 253 660 757 1329 1935 1808 1559 819 359 50 9 0 0 0 0 0
40 0 0 0 32 8 48 82 184 295 531 735 1371 1979 2016 1523 851 301 44 0 0 0 0 0 0
40 0 0 0 38 2 30 56 158 301 433 770 1403 1876 2128 1684 791 297 33 0 0 0 0 0 0
40 0 0 0 24 16 38 48 122 294 351 754 1271 2002 2330 1746 730 211 63 0 0 0 0 0 0
40 0 0 0 20 20 10 79 65 250 378 673 1213 2104 2679 1658 659 147 45 0 0 0 0 0 0
40 0 0 0 15 25 0 48 71 185 386 677 1246 2214 2706 1585 652 164 26 0 0 0 0 0 0
40 0 0 0 3 25 12 48 91 113 365 657 1348 2294 2634 1648 603 153 6 0 0 0 0 0 0
40 0 0 0 0 20 19 40 72 115 331 590 1507 2349 2680 1532 577 163 5 0 0 0 0 0 0
40 0 0 0 0 20 15 17 74 81 273 682 1720 2329 2534 1655 403 173 24 0 0 0 0 0 0
40 0 0 0 0 20 19 11 52 86 235 721 1832 2414 2614 1403 405 148 40 0 0 0 0 0 0
40 0 0 0 0 11 28 1 43 123 176 808 1803 2711 2576 1187 442 51 31 9 0 0 0 0 0
40 0 0 0 0 6 26 8 20 144 160 808 2015 2886 2347 1092 402 59 25 2 0 0 0 0 0
40 0 0 0 0 7 30 3 28 92 205 812 2235 2966 2219 1078 259 48 18 0 0 0 0 0 0
40 0 0 0 0 0 30 10 37 89 167 876 2332 2886 2348 993 175 48 9 0 0 0 0 0 0
40 0 0 0 0 0 35 6 27 108 170 993 2335 3081 2335 738 121 50 1 0 0 0 0 0 0
40 0 0 0 0 0 1 39 22 97 195 1090 2522 3058 2046 765 119 43 3 0 0 0 0 0 0
40 0 0 0 0 0 0 40 17 82 239 1177 2732 3043 1906 612 146 6 0 0 0 0 0 0 0
40 0 0 0 0 0 9 31 4 99 372 1260 2816 2909 1743 632 125 0 0 0 0 0 0 0 0
40 0 0 0 0 0 3 21 16 98 453 1428 2911 2828 1539 645 58 0 0 0 0 0 0 0 0
40 0 0 0 0 0 0 16 24 108 468 1660 2892 2849 1417 502 64 0 0 0 0 0 0 0 0
40 0 0 0 0 0 0 14 26 99 590 1811 3081 2587 1209 531 52 0 0 0 0 0 0 0 0
40 0 0 0 0 0 0 3 47 108 828 1863 3155 2306 1150 485 55 0 0 0 0 0 0 0 0
40 0 0 0 0 0 0 0 51 162 883 2002 3214 2245 1061 342 40 0 0 0 0 0 0 0 0
40 0 0 0 0 0 0 0 16 209 1103 2056 3149 2207 943 272 45 0 0 0 0 0 0 0 0
40 0 0 0 0 0 0 0 22 321 1124 2199 3205 1988 850 245 46 0 0 0 0 0 0 0 0
40 0 0 0 0 0 0 0 20 390 1242 2363 3206 1695 817 235 32 0 0 0 0 0 0 0 0
40 0 0 0 0 0 0 0 21 481 1234 2553 3139 1522 836 176 38 0 0 0 0 0 0 0 0
40 0 0 0 0 0 0 0 11 540 1415 2770 2973 1434 704 129 24 0 0 0 0 0 0 0 0
40 0 0 0 0 0 0 0 79 459 1704 2834 2903 1341 557 101 22 0 0 0 0 0 0 0 0
40 0 0 0 0 0 0 0 65 395 2082 2935 2730 1330 371 78 14 0 0 0 0 0 0 0 0
40 0 0 0 0 0 0 0 64 624 1934 3072 2671 1256 287 92 0 0 0 0 0 0 0 0 0
40 0 0 0 0 0 0 0 68 625 2098 3206 2562 1070 281 90 0 0 0 0 0 0 0 0 0
40 0 0 0 0 0 0 0 50 787 2199 3273 2492 927 199 73 0 0 0 0 0 0 0 0 0
40 0 0 0 0 0 0 0 57 879 2379 3386 2247 788 216 48 0 0 0 0 0 0 0 0 0
40 0 0 0 0 0 0 0 73 884 2534 3484 2127 663 195 34 6 0 0 0 0 0 0 0 0
40 0 0 0 0 0 0 0 68 845 2746 3586 2105 429 172 49 0 0 0 0 0 0 0 0 0
40 0 0 0 0 0 0 0 122 956 2887 3517 1867 466 132 53 0 0 0 0 0 0 0 0 0
40 0 0 0 0 0 0 0 130 1034 3022 3432 1818 429 100 21 14 0 0 0 0 0 0 0 0
40 0 0 0 0 0 0 0 108 1136 3076 3446 1677 461 63 18 15 0 0 0 0 0 0 0 0
40 0 0 0 0 0 0 12 92 1112 3146 3486 1674 406 32 40 0 0 0 0 0 0 0 0 0
40 0 0 0 0 0 0 11 99 1105 3178 3666 1514 304 97 26 0 0 0 0 0 0 0 0 0
40 0 0 0 0 0 0 0 169 1085 3323 3544 1520 171 159 29 0 0 0 0 0 0 0 0 0
40 0 0 0 0 0 0 0 253 1263 3193 3420 1511 194 110 56 0 0 0 0 0 0 0 0 0
40 0 0 0 0 0 0 0 243 1339 3304 3195 1567 230 73 49 0 0 0 0 0 0 0 0 0
40 0 0 0 0 0 0 2 181 1600 3352 3195 1338 227 50 55 0 0 0 0 0 0 0 0 0
40 0 0 0 0 0 0 5 195 1534 3451 3142 1417 171 38 47 0 0 0 0 0 0 0 0 0
40 0 0 0 0 0 0 3 220 1553 3534 3167 1247 186 47 43 0 0 0 0 0 0 0 0 0
40 0 0 0 0 0 0 8 259 1514 3466 3227 1271 169 74 12 0 0 0 0 0 0 0 0 0
40 0 0 0 0 0 0 1 310 1461 3483 3217 1325 124 79 0 0 0 0 0 0 0 0 0 0
40 0 0 0 0 0 0 0 275 1693 3244 3313 1269 161 45 0 0 0 0 0 0 0 0 0 0
40 0 0 0 0 0 0 12 316 1576 3356 3262 1190 264 24 0 0 0 0 0 0 0 0 0 0
40 0 0 0 0 0 0 22 262 1590 3431 3202 1213 257 23 0 0 0 0 0 0 0 0 0 0
40 0 0 0 0 0 0 39 239 1696 3371 3143 1258 214 40 0 0 0 0 0 0 0 0 0 0
40 0 0 0 0 0 0 39 181 1745 3458 3191 1092 275 19 0 0 0 0 0 0 0 0 0 0
40 0 0 0 0 0 0 15 329 1608 3470 3191 1059 310 18 0 0 0 0 0 0 0 0 0 0
40 0 0 0 0 0 0 2 311 1642 3420 3272 1067 237 49 0 0 0 0 0 0 0 0 0 0
40 0 0 0 0 0 0 0 275 1635 3481 3338 1007 215 49 0 0 0 0 0 0 0 0 0 0
40 0 0 0 0 0 0 1 298 1593 3467 3247 1140 198 56 0 0 0 0 0 0 0 0 0 0
40 0 0 0 0 0 0 5 237 1581 3415 3290 1175 234 54 9 0 0 0 0 0 0 0 0 0
40 0 0 0 0 0 0 0 239 1503 3542 3211 1272 193 23 17 0 0 0 0 0 0 0 0 0
40 0 0 0 0 0 0 0 200 1560 3532 3226 1255 204 23 0 0 0 0 0 0 0 0 0 0
40 0 0 0 0 0 0 0 196 1683 3335 3308 1254 191 33 0 0 0 0 0 0 0 0 0 0
40 0 0 0 0 0 0 0 214 1681 3232 3482 1148 203 40 0 0 0 0 0 0 0 0 0 0
40 0 0 0 0 0 0 15 266 1453 3328 3516 1175 206 41 0 0 0 0 0 0 0 0 0 0
40 0 0 0 0 0 0 0 328 1331 3209 3889 1028 171 44 0 0 0 0 0 0 0 0 0 0
40 0 0 0 0 0 0 0 273 1272 3346 3797 1148 133 31 0 0 0 0 0 0 0 0 0 0
40 0 0 0 0 0 0 0 273 1228 3416 3602 1296 169 16 0 0 0 0 0 0 0 0 0 0
40 0 0 0 0 0 0 0 201 1267 3307 3840 1190 194 1 0 0 0 0 0 0 0 0 0 0
40 0 0 0 0 0 0 0 97 1324 3269 3798 1334 160 18 0 0 0 0 0 0 0 0 0 0
40 0 0 0 0 0 0 0 58 1318 3237 3829 1392 161 5 0 0 0 0 0 0 0 0 0 0
40 0 0 0 0 0 0 0 89 1298 3203 3653 1562 195 0 0 0 0 0 0 0 0 0 0 0
40 0 0 0 0 0 0 0 77 1329 3010 3883 1474 227 0 0 0 0 0 0 0 0 0 0 0
40 0 0 0 0 0 0 2 140 1279 2872 3953 1508 241 5 0 0 0 0 0 0 0 0 0 0
40 0 0 0 0 0 0 5 172 1273 3085 3585 1583 288 9 0 0 0 0 0 0 0 0 0 0
40 0 0 0 0 0 0 1 142 1242 3103 3570 1673 257 12 0 0 0 0 0 0 0 0 0 0
40 0 0 0 0 0 0 0 158 1125 3073 3631 1679 331 3 0 0 0 0 0 0 0 0 0 0
40 0 0 0 0 0 0 0 110 1135 3056 3627 1690 382 0 0 0 0 0 0 0 0 0 0 0
40 0 0 0 0 0 0 0 121 1193 3036 3465 1802 352 31 0 0 0 0 0 0 0 0 0 0
40 0 0 0 0 0 0 0 127 1212 2865 3497 1924 316 59 0 0 0 0 0 0 0 0 0 0
40 0 0 0 0 0 0 0 84 1173 3043 3564 1727 343 66 0 0 0 0 0 0 0 0 0 0
40 0 0 0 0 0 0 0 78 1146 3101 3382 1914 278 101 0 0 0 0 0 0 0 0 0 0
40 0 0 0 0 0 0 13 72 1240 3122 3298 1892 272 91 0 0 0 0 0 0 0 0 0 0
40 0 0 0 0 0 0 0 167 1104 3254 3290 1771 377 37 0 0 0 0 0 0 0 0 0 0
40 0 0 0 0 0 0 0 154 1099 3092 3488 1752 402 13 0 0 0 0 0 0 0 0 0 0
40 0 0 0 0 0 0 0 145 1148 3020 3467 1843 346 31 0 0 0 0 0 0 0 0 0 0
40 0 0 0 0 0 0 2 199 1147 3062 3369 1848 365 8 0 0 0 0 0 0 0 0 0 0
40 0 0 0 0 0 0 20 194 1134 3127 3580 1565 365 15 0 0 0 0 0 0 0 0 0 0
40 0 0 0 0 0 0 9 171 1127 3355 3354 1632 331 21 0 0 0 0 0 0 0 0 0 0
