14458 13700 1736 100 6 0 0 0 0 0 0 0 0 0 0 0 0 0 0 0 0 0 0 0 0 0 0 0 0 0 0 0 0 0 0 0 0 0
2031 11979 10816 4035 897 233 9 0 0 0 0 0 0 0 0 0 0 0 0 0 0 0 0 0 0 0 0 0 0 0 0 0 0 0 0 0 0 0
269 3985 8087 8245 5458 2654 891 310 70 25 6 0 0 0 0 0 0 0 0 0 0 0 0 0 0 0 0 0 0 0 0 0 0 0 0 0 0 0
153 1053 3287 5704 6079 5869 3832 2247 1006 452 210 81 25 2 0 0 0 0 0 0 0 0 0 0 0 0 0 0 0 0 0 0 0 0 0 0 0 0
63 341 1174 2681 3929 4858 4789 4237 3440 1926 1183 690 341 219 83 43 3 0 0 0 0 0 0 0 0 0 0 0 0 0 0 0 0 0 0 0 0 0
45 168 311 1184 2032 2994 3720 3989 3621 3718 2857 1938 1438 857 545 264 157 108 27 26 1 0 0 0 0 0 0 0 0 0 0 0 0 0 0 0 0 0
30 102 127 451 1015 1406 2082 3026 3265 3211 3081 3262 2636 2029 1536 1083 723 449 239 135 56 51 5 0 0 0 0 0 0 0 0 0 0 0 0 0 0 0
30 45 45 230 500 719 1047 1586 2416 2762 2655 2780 2846 2762 2278 2344 1542 1199 901 578 387 170 107 43 28 0 0 0 0 0 0 0 0 0 0 0 0 0
30 8 22 102 251 562 484 934 1181 1597 2218 2454 2643 2581 2634 2549 2135 2119 1606 1241 1068 689 394 268 160 38 18 14 0 0 0 0 0 0 0 0 0 0
30 0 30 17 129 335 401 511 716 863 1459 1814 1915 2282 2606 2420 2397 2289 2312 1950 1605 1266 1082 643 413 262 190 60 3 0 0 0 0 0 0 0 0 0
30 0 30 0 60 140 297 318 463 522 766 1231 1634 1623 2114 2208 2280 2445 2224 2267 2294 1874 1659 1195 921 581 391 307 102 14 10 0 0 0 0 0 0 0
30 0 23 7 18 52 114 220 298 518 430 721 1138 1236 1414 1726 2277 2182 2292 2422 2296 2352 2180 1737 1485 1115 686 523 366 88 18 32 4 0 0 0 0 0
6 24 0 6 24 17 78 142 93 320 428 465 677 938 1248 1124 1575 1822 2540 2416 2283 2462 2428 2122 2006 1755 1137 876 674 204 65 29 16 0 0 0 0 0
6 24 0 0 25 5 54 141 37 170 249 364 517 636 670 1079 1282 1627 1760 2158 2451 2472 2728 2427 2276 2575 1845 1071 745 372 179 34 20 1 0 0 0 0
1 29 0 0 25 5 15 90 77 96 149 228 347 606 494 673 908 1389 1685 1606 2296 2583 2855 2670 2452 2721 2811 1581 1002 330 206 36 34 0 0 0 0 0
0 10 20 0 0 15 15 50 61 96 65 194 225 310 570 543 683 949 1524 1589 1864 2443 2830 2897 3018 3085 2780 2383 1305 318 86 68 4 0 0 0 0 0
0 0 13 17 0 0 30 22 28 56 101 147 148 165 318 557 642 627 1166 1515 1947 2099 2542 3444 3586 3673 3178 2360 1168 316 116 19 0 0 0 0 0 0
0 0 0 15 15 0 14 16 22 55 39 84 123 137 211 345 529 653 852 1335 1790 2134 2642 3750 4227 4310 3374 2221 793 264 47 3 0 0 0 0 0 0
0 0 0 0 30 0 0 26 5 54 15 45 57 145 135 256 240 618 977 1091 1623 2288 2922 4242 4974 4881 3243 1344 521 239 29 0 0 0 0 0 0 0
0 0 0 0 9 21 0 2 37 21 30 20 38 47 125 257 262 375 771 1161 1569 2634 3571 4721 5759 4423 2603 1185 264 87 8 0 0 0 0 0 0 0
0 0 0 0 0 17 13 0 20 29 12 26 28 33 98 221 263 260 420 1050 2057 2779 4914 5633 5645 3658 1942 692 171 19 0 0 0 0 0 0 0 0
0 0 0 0 0 2 28 0 0 9 23 28 1 63 48 170 307 134 394 1050 2465 4049 5547 6341 4773 2941 1254 316 57 0 0 0 0 0 0 0 0 0
0 0 0 0 0 0 30 0 0 0 30 3 10 63 41 76 183 292 361 1469 3145 5559 6175 5936 3701 2066 673 171 16 0 0 0 0 0 0 0 0 0
0 0 0 0 0 0 1 29 0 0 24 6 6 50 42 64 88 281 909 2174 4183 6337 6628 4608 2764 1230 392 157 27 0 0 0 0 0 0 0 0 0
0 0 0 0 0 0 4 19 7 0 7 23 0 5 61 58 176 400 1489 3366 5330 6807 5246 4052 1849 723 274 72 30 2 0 0 0 0 0 0 0 0
0 0 0 0 0 0 0 0 22 8 0 11 11 8 27 84 274 943 2518 4739 5682 6032 4992 2777 1297 411 130 34 0 0 0 0 0 0 0 0 0 0
0 0 0 0 0 0 0 0 15 7 8 0 0 14 42 128 653 1785 3702 5663 5807 5417 3526 2114 767 274 48 30 0 0 0 0 0 0 0 0 0 0
0 0 0 0 0 0 0 0 0 6 24 0 0 0 42 334 1079 3005 4652 6133 5616 4266 2861 1263 443 217 58 1 0 0 0 0 0 0 0 0 0 0
0 0 0 0 0 0 0 0 0 5 25 0 0 0 61 538 2221 3665 5673 6013 5190 3161 2043 970 316 107 12 0 0 0 0 0 0 0 0 0 0 0
0 0 0 0 0 0 0 0 0 0 24 6 0 39 101 1089 2872 4947 6417 5854 3765 2341 1599 647 238 51 10 0 0 0 0 0 0 0 0 0 0 0
0 0 0 0 0 0 0 0 0 0 2 28 1 45 393 1557 3911 6245 6021 5489 2622 1950 1035 535 120 46 0 0 0 0 0 0 0 0 0 0 0 0
0 0 0 0 0 0 0 0 0 0 0 19 11 57 777 2281 5467 6365 5964 4214 2167 1407 813 292 137 29 0 0 0 0 0 0 0 0 0 0 0 0
0 0 0 0 0 0 0 0 0 0 0 0 27 97 1016 3349 6410 6562 5312 3504 1787 1149 487 233 37 21 9 0 0 0 0 0 0 0 0 0 0 0
0 0 0 0 0 0 0 0 0 0 0 7 23 183 1509 4243 6891 6661 5098 2612 1419 784 386 108 31 38 7 0 0 0 0 0 0 0 0 0 0 0
0 0 0 0 0 0 0 0 0 0 0 0 44 329 2133 4732 7195 6954 4150 2383 1091 616 285 48 14 26 0 0 0 0 0 0 0 0 0 0 0 0
0 0 0 0 0 0 0 0 0 0 0 0 100 602 2482 5496 7789 6463 3738 1707 963 482 119 44 15 0 0 0 0 0 0 0 0 0 0 0 0 0
0 0 0 0 0 0 0 0 0 0 0 15 143 827 2902 6172 8129 5878 3196 1707 557 323 142 9 0 0 0 0 0 0 0 0 0 0 0 0 0 0
0 0 0 0 0 0 0 0 0 0 0 8 166 931 3493 6895 7909 5654 2830 1361 413 232 101 7 0 0 0 0 0 0 0 0 0 0 0 0 0 0
0 0 0 0 0 0 0 0 0 0 0 29 126 1238 3835 7562 7757 5353 2554 987 404 90 35 26 4 0 0 0 0 0 0 0 0 0 0 0 0 0
0 0 0 0 0 0 0 0 0 0 0 32 199 1264 4134 7889 8021 5191 2148 698 302 72 20 0 28 2 0 0 0 0 0 0 0 0 0 0 0 0
0 0 0 0 0 0 0 0 0 0 0 62 215 1422 4258 8233 8047 4890 1888 756 160 36 3 6 24 0 0 0 0 0 0 0 0 0 0 0 0 0
0 0 0 0 0 0 0 0 0 0 0 6 199 892 3052 5537 5327 3266 1189 424 88 0 0 19 1 0 0 0 0 0 0 0 0 0 0 0 0 0
