1517 123 0 0 0 0 0 0 0 0 0 0 0 0
1464 176 0 0 0 0 0 0 0 0 0 0 0 0
1327 313 0 0 0 0 0 0 0 0 0 0 0 0
1171 463 6 0 0 0 0 0 0 0 0 0 0 0
1098 515 27 0 0 0 0 0 0 0 0 0 0 0
1041 563 36 0 0 0 0 0 0 0 0 0 0 0
991 609 21 19 0 0 0 0 0 0 0 0 0 0
907 655 58 20 0 0 0 0 0 0 0 0 0 0
749 772 98 20 0 0 0 0 0 0 0 0 0 0
708 806 86 10 10 0 0 0 0 0 0 0 0 0
718 772 110 15 5 0 0 0 0 0 0 0 0 0
642 805 152 21 0 0 0 0 0 0 0 0 0 0
595 762 227 36 0 0 0 0 0 0 0 0 0 0
542 747 295 36 0 0 0 0 0 0 0 0 0 0
513 744 312 50 1 0 0 0 0 0 0 0 0 0
467 746 308 99 0 0 0 0 0 0 0 0 0 0
452 686 338 132 12 0 0 0 0 0 0 0 0 0
434 667 405 102 12 0 0 0 0 0 0 0 0 0
406 653 410 134 17 0 0 0 0 0 0 0 0 0
375 625 440 147 33 0 0 0 0 0 0 0 0 0
390 609 391 170 60 0 0 0 0 0 0 0 0 0
395 588 370 212 55 0 0 0 0 0 0 0 0 0
342 606 373 241 48 10 0 0 0 0 0 0 0 0
337 565 360 276 66 16 0 0 0 0 0 0 0 0
322 560 376 244 75 43 0 0 0 0 0 0 0 0
318 554 366 251 85 46 0 0 0 0 0 0 0 0
277 603 327 264 95 54 0 0 0 0 0 0 0 0
244 585 375 267 89 45 15 0 0 0 0 0 0 0
243 547 376 294 100 40 20 0 0 0 0 0 0 0
222 546 369 319 84 43 37 0 0 0 0 0 0 0
215 506 379 340 92 48 40 0 0 0 0 0 0 0
242 471 390 311 124 42 40 0 0 0 0 0 0 0
220 489 346 332 141 52 40 0 0 0 0 0 0 0
191 517 317 317 175 63 40 0 0 0 0 0 0 0
180 519 345 322 149 50 55 0 0 0 0 0 0 0
189 539 305 285 185 55 62 0 0 0 0 0 0 0
180 500 322 289 204 51 74 0 0 0 0 0 0 0
167 463 360 283 182 92 73 0 0 0 0 0 0 0
153 453 377 282 200 84 71 0 0 0 0 0 0 0
158 446 363 315 196 62 78 2 0 0 0 0 0 0
174 341 449 336 180 60 67 13 0 0 0 0 0 0
172 328 431 359 177 73 80 0 0 0 0 0 0 0
189 293 404 364 177 113 70 10 0 0 0 0 0 0
180 286 418 359 179 118 49 31 0 0 0 0 0 0
185 291 374 427 150 109 64 20 0 0 0 0 0 0
194 295 367 400 159 103 80 22 0 0 0 0 0 0
195 291 360 375 197 94 92 16 0 0 0 0 0 0
192 287 363 367 197 105 89 20 0 0 0 0 0 0
185 315 342 340 227 91 105 15 0 0 0 0 0 0
178 261 413 299 250 79 123 17 0 0 0 0 0 0
160 268 393 310 248 106 103 32 0 0 0 0 0 0
167 275 378 341 190 128 104 37 0 0 0 0 0 0
140 291 371 288 232 139 128 31 0 0 0 0 0 0
140 268 390 345 186 137 134 20 0 0 0 0 0 0
144 196 469 294 238 133 120 26 0 0 0 0 0 0
160 160 476 284 246 116 158 20 0 0 0 0 0 0
165 125 477 300 260 146 128 19 0 0 0 0 0 0
140 128 466 314 242 192 118 20 0 0 0 0 0 0
89 182 442 300 277 185 125 20 0 0 0 0 0 0
95 165 443 306 261 215 98 37 0 0 0 0 0 0
90 170 412 350 255 229 77 37 0 0 0 0 0 0
80 179 372 365 246 258 81 39 0 0 0 0 0 0
86 187 320 397 239 251 100 40 0 0 0 0 0 0
100 181 337 345 256 261 84 56 0 0 0 0 0 0
100 155 345 368 238 281 74 59 0 0 0 0 0 0
100 147 288 406 284 285 63 47 0 0 0 0 0 0
109 145 242 417 257 318 97 35 0 0 0 0 0 0
120 105 271 416 258 308 105 37 0 0 0 0 0 0
120 90 286 407 251 343 92 31 0 0 0 0 0 0
94 127 246 437 249 318 96 53 0 0 0 0 0 0
89 140 235 388 315 331 73 49 0 0 0 0 0 0
80 171 204 402 344 279 94 46 0 0 0 0 0 0
80 150 235 406 275 324 90 60 0 0 0 0 0 0
93 116 270 332 328 300 121 55 5 0 0 0 0 0
93 120 267 331 331 291 146 35 6 0 0 0 0 0
60 148 264 323 345 323 111 35 11 0 0 0 0 0
61 149 246 322 332 334 134 18 24 0 0 0 0 0
60 155 197 346 334 335 134 39 20 0 0 0 0 0
78 127 167 392 346 317 133 40 20 0 0 0 0 0
80 120 175 436 293 307 149 29 31 0 0 0 0 0
82 98 198 385 317 312 165 25 38 0 0 0 0 0
80 95 185 405 324 262 214 15 40 0 0 0 0 0
80 99 177 416 335 240 199 34 40 0 0 0 0 0
80 100 199 358 323 249 264 7 40 0 0 0 0 0
80 100 169 354 373 242 225 48 29 0 0 0 0 0
70 110 134 352 409 247 205 65 28 0 0 0 0 0
80 100 95 368 459 257 133 84 43 1 0 0 0 0
79 101 70 409 363 322 112 118 46 0 0 0 0 0
75 105 54 459 331 282 156 102 55 1 0 0 0 0
84 106 39 439 322 301 177 112 20 20 0 0 0 0
70 94 63 443 291 301 240 78 27 13 0 0 0 0
80 100 57 427 329 276 222 89 37 3 0 0 0 0
74 92 83 421 333 294 202 81 3 37 0 0 0 0
68 110 79 431 307 299 226 60 2 38 0 0 0 0
60 103 66 437 314 278 248 73 16 25 0 0 0 0
60 100 56 368 396 267 241 92 20 20 0 0 0 0
43 117 49 368 379 316 223 79 20 26 0 0 0 0
40 120 46 388 387 249 276 63 20 31 0 0 0 0
40 132 42 336 405 310 220 74 41 20 0 0 0 0
40 140 56 289 405 355 186 83 61 5 0 0 0 0
40 133 120 201 423 373 180 90 53 7 0 0 0 0
40 119 123 161 422 392 242 61 55 5 0 0 0 0
40 108 133 139 428 448 189 75 60 0 0 0 0 0
40 114 143 116 424 456 166 101 60 0 0 0 0 0
40 120 134 115 433 401 210 117 50 0 0 0 0 0
40 120 112 181 394 385 228 115 45 0 0 0 0 0
40 120 107 184 423 363 240 78 65 0 0 0 0 0
40 117 102 208 327 400 277 92 57 0 0 0 0 0
26 94 140 203 353 375 281 108 40 0 0 0 0 0
20 100 140 234 337 330 315 100 44 0 0 0 0 0
20 100 128 233 346 328 293 113 59 0 0 0 0 0
20 100 95 269 289 333 322 112 80 0 0 0 0 0
20 88 105 249 366 258 351 103 80 0 0 0 0 0
20 78 102 234 391 272 340 106 72 5 0 0 0 0
20 77 89 249 366 342 322 87 68 0 0 0 0 0
20 66 103 213 396 323 323 125 51 0 0 0 0 0
20 60 100 223 358 335 299 159 66 0 0 0 0 0
20 60 100 219 382 298 325 140 75 1 0 0 0 0
20 60 92 235 378 281 342 136 74 2 0 0 0 0
20 60 92 205 384 342 318 117 82 0 0 0 0 0
20 60 111 224 355 318 332 129 71 0 0 0 0 0
20 69 124 220 341 368 288 150 40 0 0 0 0 0
20 60 130 225 315 394 267 169 40 0 0 0 0 0
20 55 126 205 338 420 263 163 30 0 0 0 0 0
20 55 107 212 353 398 299 156 20 0 0 0 0 0
