12732 2268 0 0 0 0 0 0 0 0 0 0 0 0 0
10820 4137 43 0 0 0 0 0 0 0 0 0 0 0 0
9326 5568 106 0 0 0 0 0 0 0 0 0 0 0 0
7942 6790 263 5 0 0 0 0 0 0 0 0 0 0 0
7062 7410 490 33 5 0 0 0 0 0 0 0 0 0 0
6450 7655 807 66 22 0 0 0 0 0 0 0 0 0 0
5842 7798 1234 103 23 0 0 0 0 0 0 0 0 0 0
5422 7780 1660 109 29 0 0 0 0 0 0 0 0 0 0
5235 7546 2076 113 30 0 0 0 0 0 0 0 0 0 0
4916 7668 2171 199 46 0 0 0 0 0 0 0 0 0 0
4549 7402 2648 340 59 2 0 0 0 0 0 0 0 0 0
4154 7467 2861 424 80 14 0 0 0 0 0 0 0 0 0
3927 7263 3245 456 61 48 0 0 0 0 0 0 0 0 0
3780 6983 3508 568 107 32 22 0 0 0 0 0 0 0 0
3733 6760 3524 753 200 5 25 0 0 0 0 0 0 0 0
3566 6443 4014 720 225 2 25 5 0 0 0 0 0 0 0
3343 6132 4329 892 272 2 0 30 0 0 0 0 0 0 0
3287 5996 4333 1000 354 0 0 30 0 0 0 0 0 0 0
3150 6079 4168 1184 388 1 3 27 0 0 0 0 0 0 0
3122 5908 4132 1401 363 44 0 30 0 0 0 0 0 0 0
2998 5961 3910 1597 467 37 3 27 0 0 0 0 0 0 0
2928 5725 4028 1813 401 75 30 0 0 0 0 0 0 0 0
2767 5860 4032 1749 488 74 27 3 0 0 0 0 0 0 0
2865 5357 4335 1802 480 133 28 0 0 0 0 0 0 0 0
3019 5006 4509 1711 554 171 30 0 0 0 0 0 0 0 0
2848 5047 4344 1892 664 171 34 0 0 0 0 0 0 0 0
2770 5108 4281 1924 695 158 64 0 0 0 0 0 0 0 0
2716 4912 4334 2080 694 223 41 0 0 0 0 0 0 0 0
2691 4767 4472 2105 698 236 31 0 0 0 0 0 0 0 0
2768 4507 4415 2336 672 271 31 0 0 0 0 0 0 0 0
2607 4637 4280 2491 596 347 42 0 0 0 0 0 0 0 0
2671 4503 4289 2401 700 422 14 0 0 0 0 0 0 0 0
2515 4510 4343 2428 747 410 47 0 0 0 0 0 0 0 0
2558 4543 4123 2559 775 375 67 0 0 0 0 0 0 0 0
2583 4392 4111 2583 882 347 102 0 0 0 0 0 0 0 0
2531 4160 4340 2642 862 356 109 0 0 0 0 0 0 0 0
2613 3908 4381 2708 857 424 109 0 0 0 0 0 0 0 0
2508 3827 4627 2533 906 523 64 12 0 0 0 0 0 0 0
2551 3803 4420 2706 865 565 69 21 0 0 0 0 0 0 0
2472 3861 4396 2787 823 584 47 30 0 0 0 0 0 0 0
2406 3854 4342 2945 832 505 86 30 0 0 0 0 0 0 0
2307 3947 4096 3009 1100 364 151 26 0 0 0 0 0 0 0
2194 3973 3929 3134 1255 324 161 30 0 0 0 0 0 0 0
2163 3932 3903 3125 1371 270 196 40 0 0 0 0 0 0 0
2264 3636 4128 3068 1308 352 209 35 0 0 0 0 0 0 0
2255 3645 4031 3106 1366 355 215 27 0 0 0 0 0 0 0
2239 3646 4036 3116 1391 304 260 8 0 0 0 0 0 0 0
2289 3453 4070 3181 1469 305 195 38 0 0 0 0 0 0 0
2197 3656 3766 3359 1411 368 209 25 9 0 0 0 0 0 0
2075 3787 3805 3275 1355 503 138 32 30 0 0 0 0 0 0
2077 3620 3911 3181 1432 553 172 24 30 0 0 0 0 0 0
1996 3760 3658 3281 1521 544 137 73 29 1 0 0 0 0 0
2085 3593 3585 3363 1601 511 110 122 30 0 0 0 0 0 0
2078 3495 3706 3278 1628 541 126 118 30 0 0 0 0 0 0
2271 3120 4067 3063 1548 653 166 77 35 0 0 0 0 0 0
2225 3107 4075 2982 1695 599 222 37 47 11 0 0 0 0 0
2136 2973 4206 2989 1767 604 261 34 22 8 0 0 0 0 0
2099 3044 3862 3228 1793 639 271 34 19 11 0 0 0 0 0
2182 3064 3630 3254 1778 776 251 35 0 30 0 0 0 0 0
2179 3086 3672 3056 1876 828 270 3 0 23 7 0 0 0 0
2188 3010 3721 3049 1908 823 258 13 0 0 30 0 0 0 0
2080 3131 3699 3109 1745 909 280 17 0 29 1 0 0 0 0
1938 3193 3837 2915 1840 894 293 60 0 30 0 0 0 0 0
1870 3099 3805 3080 1942 788 320 66 0 30 0 0 0 0 0
1834 3125 3698 3309 1702 895 339 64 17 17 0 0 0 0 0
1683 3214 3737 3361 1735 904 274 62 22 8 0 0 0 0 0
1684 3137 3887 3243 1781 855 294 85 34 0 0 0 0 0 0
1751 3046 3925 3046 2012 757 377 54 32 0 0 0 0 0 0
1666 3056 3989 3060 1998 713 398 90 30 0 0 0 0 0 0
1645 2890 4027 3160 2157 680 343 97 1 0 0 0 0 0 0
1755 2813 4045 3022 2253 726 311 75 0 0 0 0 0 0 0
1730 2813 3807 3365 2112 749 325 99 0 0 0 0 0 0 0
1727 2885 3741 3315 2091 732 367 123 19 0 0 0 0 0 0
1707 3001 3540 3327 2068 836 376 140 5 0 0 0 0 0 0
1824 2863 3461 3407 2096 817 371 161 0 0 0 0 0 0 0
1866 2947 3222 3529 2134 808 343 147 4 0 0 0 0 0 0
1856 3034 3143 3543 2077 786 404 157 0 0 0 0 0 0 0
1802 2922 3360 3348 2178 848 389 130 23 0 0 0 0 0 0
1834 2890 3302 3198 2397 865 376 127 11 0 0 0 0 0 0
1829 2893 3305 3279 2255 915 404 118 2 0 0 0 0 0 0
1727 3106 3059 3435 2061 1059 442 111 0 0 0 0 0 0 0
1719 2936 2975 3638 2164 1011 417 140 0 0 0 0 0 0 0
1793 2861 2980 3533 2197 1148 391 97 0 0 0 0 0 0 0
1806 2809 2982 3404 2325 1183 378 106 7 0 0 0 0 0 0
1708 2837 3060 3196 2463 1258 352 126 0 0 0 0 0 0 0
1761 2766 3121 3154 2437 1240 402 119 0 0 0 0 0 0 0
1770 2644 3182 3209 2427 1220 434 114 0 0 0 0 0 0 0
1652 2710 3203 3223 2451 1110 571 80 0 0 0 0 0 0 0
1596 2764 3226 3283 2376 1155 502 73 25 0 0 0 0 0 0
1598 2711 3178 3336 2244 1342 485 82 24 0 0 0 0 0 0
1616 2560 3354 3180 2317 1344 469 147 13 0 0 0 0 0 0
1624 2513 3349 3150 2337 1331 545 124 27 0 0 0 0 0 0
1568 2600 3278 3077 2541 1198 605 81 51 1 0 0 0 0 0
1577 2461 3449 2946 2621 1138 583 151 74 0 0 0 0 0 0
1598 2371 3406 3091 2646 1043 682 97 65 1 0 0 0 0 0
1579 2359 3272 3294 2526 1112 719 86 53 0 0 0 0 0 0
1550 2423 3279 3162 2497 1184 746 129 30 0 0 0 0 0 0
1629 2333 3459 2910 2614 1097 726 202 30 0 0 0 0 0 0
1701 2152 3521 2955 2499 1221 668 260 23 0 0 0 0 0 0
1710 2146 3609 2902 2381 1352 570 287 43 0 0 0 0 0 0
1717 2074 3417 3182 2269 1344 613 312 72 0 0 0 0 0 0
1708 1852 3517 3145 2492 1351 577 276 82 0 0 0 0 0 0
1589 2033 3712 2885 2463 1407 554 328 29 0 0 0 0 0 0
1637 1955 3608 3074 2442 1393 583 277 31 0 0 0 0 0 0
1645 1969 3558 3073 2459 1468 502 306 20 0 0 0 0 0 0
1615 2108 3428 3013 2518 1386 652 280 0 0 0 0 0 0 0
1676 1860 3407 3248 2462 1381 768 173 25 0 0 0 0 0 0
1628 1931 3200 3409 2519 1333 717 204 59 0 0 0 0 0 0
1627 2009 2874 3564 2566 1494 608 212 46 0 0 0 0 0 0
1594 2163 2632 3945 2266 1526 520 332 22 0 0 0 0 0 0
1580 2142 2626 3930 2299 1551 616 243 13 0 0 0 0 0 0
1539 2114 2713 3699 2457 1487 722 215 54 0 0 0 0 0 0
1489 2178 2586 3685 2438 1579 748 250 47 0 0 0 0 0 0
1467 2151 2596 3704 2444 1481 849 221 87 0 0 0 0 0 0
1582 2011 2725 3502 2647 1390 779 289 65 10 0 0 0 0 0
1589 1834 2857 3545 2520 1482 810 298 54 11 0 0 0 0 0
1547 1872 2991 3371 2453 1629 801 265 41 30 0 0 0 0 0
1516 1895 2965 3227 2806 1563 610 333 77 8 0 0 0 0 0
1485 1951 2869 3206 2810 1633 654 283 109 0 0 0 0 0 0
1521 2015 2712 3197 2877 1642 651 251 134 0 0 0 0 0 0
1519 1929 2669 3322 2886 1543 753 293 86 0 0 0 0 0 0
1536 1774 2710 3460 2854 1625 727 229 85 0 0 0 0 0 0
1588 1636 2895 3360 2832 1622 747 258 62 0 0 0 0 0 0
1566 1558 2856 3655 2628 1715 710 271 41 0 0 0 0 0 0
1623 1496 2869 3516 2710 1819 595 362 10 0 0 0 0 0 0
1661 1535 2871 3329 2761 1825 654 347 17 0 0 0 0 0 0
1651 1532 2894 3253 2905 1769 594 369 33 0 0 0 0 0 0
1632 1548 2811 3283 2892 1819 588 409 18 0 0 0 0 0 0
1609 1496 2740 3541 2688 1810 832 247 37 0 0 0 0 0 0
1634 1469 2646 3665 2769 1729 850 214 24 0 0 0 0 0 0
1576 1469 2753 3535 2808 1848 702 284 25 0 0 0 0 0 0
1669 1379 2667 3759 2641 1874 683 304 24 0 0 0 0 0 0
1625 1441 2610 3898 2420 1957 694 332 23 0 0 0 0 0 0
1495 1558 2656 3745 2607 1933 727 266 13 0 0 0 0 0 0
1496 1632 2494 3607 3008 1675 826 224 38 0 0 0 0 0 0
1440 1577 2590 3646 2927 1754 829 193 44 0 0 0 0 0 0
1501 1632 2627 3594 2770 1796 869 181 30 0 0 0 0 0 0
1511 1754 2528 3670 2556 1873 884 170 54 0 0 0 0 0 0
1500 1642 2627 3443 2812 1917 846 133 71 9 0 0 0 0 0
1541 1491 2783 3376 2775 2042 693 262 37 0 0 0 0 0 0
1523 1375 2857 3386 2787 1786 990 258 38 0 0 0 0 0 0
1511 1311 2875 3346 2925 1715 953 323 41 0 0 0 0 0 0
1483 1425 2644 3451 2971 1851 821 308 46 0 0 0 0 0 0
1468 1481 2616 3406 2918 1911 880 254 66 0 0 0 0 0 0
1436 1498 2502 3430 2975 1846 917 302 94 0 0 0 0 0 0
1430 1569 2378 3433 2861 2007 873 391 52 6 0 0 0 0 0
1484 1517 2199 3691 2589 2253 758 462 47 0 0 0 0 0 0
1464 1583 2094 3830 2412 2213 946 378 80 0 0 0 0 0 0
1446 1513 2207 3732 2437 2185 1097 323 60 0 0 0 0 0 0
1445 1516 2250 3462 2680 2157 1090 326 74 0 0 0 0 0 0
1562 1437 2240 3231 2801 2408 960 320 41 0 0 0 0 0 0
1574 1381 2404 3162 2746 2413 911 379 30 0 0 0 0 0 0
1574 1365 2542 2898 2905 2364 888 439 25 0 0 0 0 0 0
1513 1386 2528 3007 2867 2146 1086 392 75 0 0 0 0 0 0
1568 1286 2718 2810 3020 2044 1122 329 103 0 0 0 0 0 0
1529 1362 2546 2982 3001 2115 1024 371 66 4 0 0 0 0 0
1507 1395 2392 3219 2836 2196 959 396 72 28 0 0 0 0 0
1496 1434 2267 3411 2688 2264 974 336 109 21 0 0 0 0 0
1436 1580 2173 3098 3025 2220 1046 310 110 2 0 0 0 0 0
1527 1486 2169 3213 2965 2062 1192 271 111 4 0 0 0 0 0
1486 1454 2311 3212 3045 2057 1097 252 86 0 0 0 0 0 0
1466 1477 2199 3323 3046 1978 1077 391 43 0 0 0 0 0 0
1441 1463 2343 3245 2897 2031 1158 358 64 0 0 0 0 0 0
1427 1399 2541 3146 2767 2134 1137 400 49 0 0 0 0 0 0
1466 1406 2535 3173 2771 2124 1108 386 31 0 0 0 0 0 0
1437 1422 2458 3294 2713 2123 1078 442 33 0 0 0 0 0 0
950 877 1658 2234 1895 1382 626 316 62 0 0 0 0 0 0
