9584 12531 5629 1790 386 73 7 0 0 0 0 0 0 0 0 0 0 0 0 0 0 0 0 0 0 0 0 0 0 0 0 0 0 0 0 0 0 0 0 0 0 0 0 0 0 0
368 2307 5815 6974 5921 3921 2316 1294 573 326 132 39 13 1 0 0 0 0 0 0 0 0 0 0 0 0 0 0 0 0 0 0 0 0 0 0 0 0 0 0 0 0 0 0 0 0
49 256 781 1824 2717 3692 4030 4005 3576 2892 2146 1559 1079 611 359 199 125 64 20 13 3 0 0 0 0 0 0 0 0 0 0 0 0 0 0 0 0 0 0 0 0 0 0 0 0 0
30 35 184 324 576 1089 1540 1717 2277 2717 2998 2926 2910 2616 1987 1789 1261 974 737 481 343 228 120 71 36 20 11 3 0 0 0 0 0 0 0 0 0 0 0 0 0 0 0 0 0 0
30 0 47 116 130 274 412 661 878 1226 1327 1557 1790 2226 2306 2467 2313 2228 2042 1739 1499 1238 1100 809 547 386 272 178 87 51 30 21 10 3 0 0 0 0 0 0 0 0 0 0 0 0
4 26 2 41 45 100 109 245 238 390 572 774 1009 1157 1206 1338 1672 1716 1903 2216 2222 2011 1880 1742 1725 1513 1024 905 672 549 416 238 132 105 43 31 24 5 0 0 0 0 0 0 0 0
0 22 8 20 10 0 23 110 123 163 163 218 346 453 736 768 869 1108 1337 1400 1571 1645 1865 1930 1977 2098 1937 1833 1616 1379 1144 1079 711 533 274 190 159 80 62 26 11 3 0 0 0 0
0 0 11 2 34 13 0 13 38 57 70 109 165 144 286 311 442 579 639 810 1156 1174 1324 1533 1654 1935 1894 2067 2082 2040 1922 1772 1555 1380 1115 695 450 278 176 31 42 2 0 0 0 0
0 0 0 0 0 9 27 9 17 15 17 47 44 80 173 158 156 193 370 496 541 599 805 930 1227 1392 1908 2022 1840 2185 2412 2349 2329 1959 1908 1759 1165 597 188 74 0 0 0 0 0 0
0 0 0 0 0 0 3 4 7 11 32 6 33 20 26 118 120 159 186 205 309 401 420 462 733 856 1348 1602 1902 2152 2620 3235 2940 2886 2526 2502 1383 615 138 37 3 0 0 0 0 0
0 0 0 0 0 0 0 0 0 0 11 13 46 10 11 17 37 54 129 131 164 235 355 359 393 493 663 1183 1899 2308 2918 3896 4142 3809 3162 2125 894 445 85 13 0 0 0 0 0 0
0 0 0 0 0 0 0 0 0 0 0 0 3 24 12 40 34 17 82 52 93 152 189 283 292 420 477 1033 1673 2764 3878 5297 4844 3990 2725 1020 377 197 32 0 0 0 0 0 0 0
0 0 0 0 0 0 0 0 0 0 0 0 0 0 8 41 11 21 47 49 63 81 100 172 267 295 582 1450 2569 4160 5654 5474 4452 2579 1225 457 191 47 5 0 0 0 0 0 0 0
0 0 0 0 0 0 0 0 0 0 0 0 0 0 0 0 17 20 32 33 29 67 73 171 343 565 1681 2942 4593 5701 5278 4092 2345 1256 494 185 78 5 0 0 0 0 0 0 0 0
0 0 0 0 0 0 0 0 0 0 0 0 0 0 0 0 0 12 12 6 14 78 122 421 987 2015 3605 4887 5691 4720 3494 2171 1090 429 166 56 21 3 0 0 0 0 0 0 0 0
0 0 0 0 0 0 0 0 0 0 0 0 0 0 0 0 0 0 0 7 43 169 552 1407 2839 4319 4765 5204 4128 3122 1839 1099 320 116 65 6 0 0 0 0 0 0 0 0 0 0
0 0 0 0 0 0 0 0 0 0 0 0 0 0 0 0 0 0 8 29 291 784 1804 3907 4854 4851 4407 3349 2542 1743 916 407 61 42 5 0 0 0 0 0 0 0 0 0 0 0
0 0 0 0 0 0 0 0 0 0 0 0 0 0 0 0 0 0 50 292 955 2410 4607 4867 5243 4120 2745 2014 1337 809 339 162 20 21 9 0 0 0 0 0 0 0 0 0 0 0
0 0 0 0 0 0 0 0 0 0 0 0 0 0 0 0 0 46 301 1018 2861 4597 5551 5115 3936 2608 1625 1234 576 260 172 69 14 16 1 0 0 0 0 0 0 0 0 0 0 0
0 0 0 0 0 0 0 0 0 0 0 0 0 0 0 0 2 216 1026 2720 5060 5725 5523 3824 2301 1695 978 422 180 178 105 28 15 2 0 0 0 0 0 0 0 0 0 0 0 0
0 0 0 0 0 0 0 0 0 0 0 0 0 0 0 5 70 665 2564 5057 6065 5981 4073 2489 1391 796 429 199 67 95 27 21 6 0 0 0 0 0 0 0 0 0 0 0 0 0
0 0 0 0 0 0 0 0 0 0 0 0 0 0 5 66 271 1625 4647 6973 6118 4818 2593 1392 721 375 145 147 47 13 44 0 0 0 0 0 0 0 0 0 0 0 0 0 0 0
0 0 0 0 0 0 0 0 0 0 0 0 0 0 37 77 856 3498 6182 7622 5560 3106 1478 828 405 145 84 88 24 10 0 0 0 0 0 0 0 0 0 0 0 0 0 0 0 0
0 0 0 0 0 0 0 0 0 0 0 0 0 0 42 421 1589 5431 7360 7211 4241 2061 871 433 171 54 74 15 26 0 0 0 0 0 0 0 0 0 0 0 0 0 0 0 0 0
0 0 0 0 0 0 0 0 0 0 0 0 0 8 87 568 3145 6658 8257 6158 3173 1095 535 142 28 102 14 30 0 0 0 0 0 0 0 0 0 0 0 0 0 0 0 0 0 0
0 0 0 0 0 0 0 0 0 0 0 0 0 0 191 1205 4320 7815 8152 5201 1996 712 231 74 40 33 25 5 0 0 0 0 0 0 0 0 0 0 0 0 0 0 0 0 0 0
0 0 0 0 0 0 0 0 0 0 0 0 0 7 326 1814 5245 8863 8004 3817 1329 445 70 29 33 18 0 0 0 0 0 0 0 0 0 0 0 0 0 0 0 0 0 0 0 0
0 0 0 0 0 0 0 0 0 0 0 0 0 62 577 2210 6097 9580 6971 3168 1064 193 39 36 3 0 0 0 0 0 0 0 0 0 0 0 0 0 0 0 0 0 0 0 0 0
0 0 0 0 0 0 0 0 0 0 0 0 0 180 601 2577 7331 9364 6200 3019 600 86 39 3 0 0 0 0 0 0 0 0 0 0 0 0 0 0 0 0 0 0 0 0 0 0
0 0 0 0 0 0 0 0 0 0 0 0 22 135 712 3378 7830 9269 5877 2297 377 96 7 0 0 0 0 0 0 0 0 0 0 0 0 0 0 0 0 0 0 0 0 0 0 0
0 0 0 0 0 0 0 0 0 0 0 0 24 93 965 3506 8393 8879 5789 1959 367 25 0 0 0 0 0 0 0 0 0 0 0 0 0 0 0 0 0 0 0 0 0 0 0 0
0 0 0 0 0 0 0 0 0 0 0 0 0 107 1047 3905 8538 9105 5198 1885 208 7 0 0 0 0 0 0 0 0 0 0 0 0 0 0 0 0 0 0 0 0 0 0 0 0
0 0 0 0 0 0 0 0 0 0 0 0 0 93 1206 3987 8253 9544 4998 1743 168 8 0 0 0 0 0 0 0 0 0 0 0 0 0 0 0 0 0 0 0 0 0 0 0 0
0 0 0 0 0 0 0 0 0 0 0 0 5 108 852 4089 8601 8989 5699 1386 271 0 0 0 0 0 0 0 0 0 0 0 0 0 0 0 0 0 0 0 0 0 0 0 0 0
0 0 0 0 0 0 0 0 0 0 0 0 20 113 920 4035 8471 9465 5248 1536 192 0 0 0 0 0 0 0 0 0 0 0 0 0 0 0 0 0 0 0 0 0 0 0 0 0
0 0 0 0 0 0 0 0 0 0 0 0 15 118 885 3984 8665 9466 5043 1723 100 1 0 0 0 0 0 0 0 0 0 0 0 0 0 0 0 0 0 0 0 0 0 0 0 0
0 0 0 0 0 0 0 0 0 0 0 0 27 136 896 3825 8389 9586 5386 1558 193 4 0 0 0 0 0 0 0 0 0 0 0 0 0 0 0 0 0 0 0 0 0 0 0 0
0 0 0 0 0 0 0 0 0 0 0 0 33 130 814 3742 8544 9659 5268 1570 227 13 0 0 0 0 0 0 0 0 0 0 0 0 0 0 0 0 0 0 0 0 0 0 0 0
0 0 0 0 0 0 0 0 0 0 0 0 8 129 776 4083 8237 9647 5325 1479 287 29 0 0 0 0 0 0 0 0 0 0 0 0 0 0 0 0 0 0 0 0 0 0 0 0
0 0 0 0 0 0 0 0 0 0 0 0 0 32 920 4004 8449 9380 5584 1338 265 28 0 0 0 0 0 0 0 0 0 0 0 0 0 0 0 0 0 0 0 0 0 0 0 0
0 0 0 0 0 0 0 0 0 0 0 0 0 75 621 3890 8349 9318 5666 1777 253 51 0 0 0 0 0 0 0 0 0 0 0 0 0 0 0 0 0 0 0 0 0 0 0 0
0 0 0 0 0 0 0 0 0 0 0 0 6 44 427 2610 5449 6107 3936 1227 149 45 0 0 0 0 0 0 0 0 0 0 0 0 0 0 0 0 0 0 0 0 0 0 0 0
