11680 3320 0 0 0 0 0 0 0 0 0 0 0 0 0 0 0 0 0 0 0 0
7891 6867 240 2 0 0 0 0 0 0 0 0 0 0 0 0 0 0 0 0 0 0
5662 8118 1198 22 0 0 0 0 0 0 0 0 0 0 0 0 0 0 0 0 0 0
4044 8228 2602 126 0 0 0 0 0 0 0 0 0 0 0 0 0 0 0 0 0 0
2982 7447 3982 575 14 0 0 0 0 0 0 0 0 0 0 0 0 0 0 0 0 0
2327 6508 4731 1271 158 5 0 0 0 0 0 0 0 0 0 0 0 0 0 0 0 0
1989 5552 4891 2127 381 60 0 0 0 0 0 0 0 0 0 0 0 0 0 0 0 0
1580 4702 5014 2714 823 141 26 0 0 0 0 0 0 0 0 0 0 0 0 0 0 0
1264 3924 4874 3073 1443 353 46 23 0 0 0 0 0 0 0 0 0 0 0 0 0 0
970 3348 4753 3103 2009 626 143 48 0 0 0 0 0 0 0 0 0 0 0 0 0 0
757 3049 3987 3503 2270 1081 233 113 7 0 0 0 0 0 0 0 0 0 0 0 0 0
722 2519 3669 3261 2572 1479 584 156 38 0 0 0 0 0 0 0 0 0 0 0 0 0
595 2106 3384 3347 2484 1908 859 160 97 58 2 0 0 0 0 0 0 0 0 0 0 0
556 1767 3000 3301 2631 1948 1167 408 124 62 36 0 0 0 0 0 0 0 0 0 0 0
517 1446 2775 2992 2817 2084 1415 578 250 39 77 10 0 0 0 0 0 0 0 0 0 0
464 1260 2384 2722 3149 2000 1710 806 321 83 42 59 0 0 0 0 0 0 0 0 0 0
414 1080 2290 2405 3074 2102 1869 1039 467 99 113 48 0 0 0 0 0 0 0 0 0 0
387 913 1839 2493 2742 2447 1834 1287 714 139 82 105 18 0 0 0 0 0 0 0 0 0
297 849 1583 2497 2422 2610 1911 1310 1093 177 110 84 57 0 0 0 0 0 0 0 0 0
300 629 1476 2156 2394 2552 2280 1317 1199 384 135 129 49 0 0 0 0 0 0 0 0 0
281 500 1296 1952 2335 2364 2432 1601 1123 716 201 109 78 11 1 0 0 0 0 0 0 0
263 413 1168 1659 2212 2362 2120 2101 1131 878 374 228 45 38 8 0 0 0 0 0 0 0
206 370 1041 1591 2030 2244 2115 2130 1429 865 536 318 65 29 31 0 0 0 0 0 0 0
188 328 1011 1488 2048 1915 2011 2229 1593 1002 630 338 137 25 52 5 0 0 0 0 0 0
192 287 906 1366 1787 2076 2060 1974 1786 1150 751 360 121 117 44 23 0 0 0 0 0 0
182 269 740 1287 1611 2076 1943 2136 1741 1350 852 416 192 114 64 27 0 0 0 0 0 0
147 289 493 1403 1429 1850 2145 1968 1701 1658 1031 383 265 164 67 7 0 0 0 0 0 0
120 298 456 1212 1271 1888 2125 1974 1877 1575 1176 397 281 222 128 0 0 0 0 0 0 0
130 250 400 984 1417 1680 2083 1950 2143 1399 1305 627 205 242 133 52 0 0 0 0 0 0
150 138 370 890 1514 1406 1978 1912 2222 1564 1269 847 322 177 130 107 4 0 0 0 0 0
148 159 311 760 1384 1387 2055 1711 2178 1713 1435 866 419 217 195 39 23 0 0 0 0 0
123 119 327 721 1102 1587 1795 1877 2051 1881 1359 1038 408 357 218 29 8 0 0 0 0 0
92 129 356 554 1056 1507 1768 1887 1992 1746 1651 1148 521 336 196 61 0 0 0 0 0 0
90 125 318 447 972 1449 1749 1849 1921 1875 1726 1046 848 342 129 113 1 0 0 0 0 0
90 127 275 417 951 1446 1574 1784 1845 1950 1798 1269 802 355 218 99 0 0 0 0 0 0
90 142 275 352 853 1123 1757 1559 2124 1922 1928 1336 712 489 294 44 0 0 0 0 0 0
90 105 231 408 749 983 1660 1601 2234 1794 1964 1536 805 450 315 75 0 0 0 0 0 0
90 107 216 377 630 1070 1394 1743 1992 1905 2199 1485 814 526 362 77 13 0 0 0 0 0
90 66 234 358 649 1042 1304 1568 1971 1995 2243 1486 940 589 322 113 30 0 0 0 0 0
87 53 198 400 562 922 1324 1461 1891 2316 1996 1654 963 685 344 114 30 0 0 0 0 0
88 36 179 397 546 740 1526 1351 1736 2331 2078 1733 1107 681 350 86 35 0 0 0 0 0
60 60 171 305 590 795 1299 1532 1500 2290 2215 1830 1250 689 300 71 42 1 0 0 0 0
48 72 149 265 564 744 1117 1569 1549 2127 2355 2040 1237 762 275 94 33 0 0 0 0 0
43 77 68 293 576 602 949 1759 1479 1961 2636 2034 1196 898 287 110 32 0 0 0 0 0
38 82 104 201 531 581 927 1590 1356 2294 2501 2182 1125 1079 313 66 27 3 0 0 0 0
30 90 82 193 473 607 840 1464 1461 2178 2537 2173 1436 1013 273 114 31 5 0 0 0 0
30 90 60 170 399 567 871 1172 1750 1965 2426 2451 1578 1010 326 120 15 0 0 0 0 0
30 90 60 138 370 446 937 970 1788 1990 2450 2379 1704 1143 364 128 13 0 0 0 0 0
51 69 60 87 334 482 918 857 1638 2143 2608 2408 1762 1060 358 119 29 17 0 0 0 0
60 60 60 73 296 508 885 829 1514 2136 2653 2481 1884 1081 338 54 54 34 0 0 0 0
57 19 104 78 236 441 893 922 1205 2151 2767 2601 2015 1077 312 36 81 5 0 0 0 0
60 0 120 49 182 517 686 914 1360 2104 2771 2600 1958 1206 323 78 71 1 0 0 0 0
60 0 120 30 170 414 587 1015 1320 2250 2713 2679 2032 1135 322 115 38 0 0 0 0 0
60 0 109 11 216 390 569 872 1387 2209 2912 2633 1921 1195 370 77 58 11 0 0 0 0
60 0 108 12 172 342 529 912 1313 2202 2947 2697 2026 1114 444 88 34 0 0 0 0 0
60 0 101 19 150 266 501 903 1292 2241 2791 3011 1978 1098 445 115 25 4 0 0 0 0
60 0 90 30 155 237 446 850 1363 2150 2667 3280 1983 975 492 184 38 0 0 0 0 0
49 11 90 30 150 199 386 905 1162 2103 2943 3143 2108 1073 477 126 25 20 0 0 0 0
30 30 90 32 164 153 362 809 1265 1888 2912 3169 2257 1107 596 86 33 17 0 0 0 0
30 30 88 41 133 159 392 651 1369 1772 2936 3078 2535 1153 385 187 45 16 0 0 0 0
30 30 90 30 97 178 330 613 1389 1777 2950 3188 2597 1056 411 128 105 1 0 0 0 0
30 30 67 53 90 188 284 609 1237 1878 2914 3426 2518 1028 416 203 29 0 0 0 0 0
30 21 53 76 77 128 277 616 1135 2048 3013 3555 2341 1075 375 171 9 0 0 0 0 0
30 23 56 61 74 116 306 494 1121 2169 3248 3233 2408 1149 397 115 0 0 0 0 0 0
30 30 35 55 62 148 231 439 1100 2397 3225 3100 2564 1039 466 79 0 0 0 0 0 0
30 17 13 90 47 168 209 426 1065 2356 3307 3372 2375 1019 396 107 3 0 0 0 0 0
30 0 30 69 51 152 247 450 944 2199 3410 3370 2557 1042 376 67 6 0 0 0 0 0
30 0 42 48 60 142 187 453 955 2464 3024 3466 2637 1019 384 79 10 0 0 0 0 0
30 0 49 41 51 80 217 426 1140 2198 3007 3665 2395 1095 496 110 0 0 0 0 0 0
30 0 60 30 10 79 182 505 1121 2060 3177 3520 2515 1086 443 164 18 0 0 0 0 0
30 0 46 44 0 60 140 496 975 2419 3253 3425 2534 951 441 150 36 0 0 0 0 0
30 0 23 67 0 42 129 396 1094 2407 3284 3483 2364 974 499 178 25 5 0 0 0 0
30 0 3 70 17 22 141 387 992 2376 3298 3429 2526 1126 401 151 29 2 0 0 0 0
30 0 0 73 17 0 105 447 880 2366 3157 3477 2680 1336 280 112 40 0 0 0 0 0
30 0 5 85 0 0 43 456 956 2355 3142 3486 2705 1239 386 65 47 0 0 0 0 0
30 0 1 85 4 0 70 447 873 2219 3580 3349 2663 1184 377 62 56 0 0 0 0 0
30 0 0 70 20 0 62 451 891 2207 3508 3380 2752 1231 226 101 71 0 0 0 0 0
30 0 0 48 42 0 76 354 1069 2202 3156 3675 2705 1268 225 111 39 0 0 0 0 0
30 0 0 30 60 0 85 313 929 2342 3167 3797 2620 1267 255 64 39 2 0 0 0 0
30 0 0 34 56 0 61 267 911 2335 3407 3783 2538 1307 161 91 19 0 0 0 0 0
30 0 0 30 60 0 29 305 868 2465 3270 3934 2528 1194 196 91 0 0 0 0 0 0
30 0 0 34 46 10 30 378 894 2221 3334 3988 2367 1284 315 69 0 0 0 0 0 0
30 0 0 3 57 30 58 320 809 2195 3569 4068 2105 1286 403 64 3 0 0 0 0 0
10 0 0 0 20 10 18 90 299 783 1146 1287 778 375 153 21 10 0 0 0 0 0
