10476 4482 42 0 0 0 0 0 0 0 0 0 0 0 0 0 0 0 0 0 0 0 0 0 0 0
5490 8617 847 46 0 0 0 0 0 0 0 0 0 0 0 0 0 0 0 0 0 0 0 0 0 0
2976 8502 3205 293 24 0 0 0 0 0 0 0 0 0 0 0 0 0 0 0 0 0 0 0 0 0
1846 6403 5403 1174 140 33 1 0 0 0 0 0 0 0 0 0 0 0 0 0 0 0 0 0 0 0
1087 5022 5539 2618 605 83 46 0 0 0 0 0 0 0 0 0 0 0 0 0 0 0 0 0 0 0
719 3757 4748 3827 1384 458 91 16 0 0 0 0 0 0 0 0 0 0 0 0 0 0 0 0 0 0
522 2565 4062 3948 2563 838 361 138 3 0 0 0 0 0 0 0 0 0 0 0 0 0 0 0 0 0
346 1950 3193 3766 2904 1796 600 326 108 11 0 0 0 0 0 0 0 0 0 0 0 0 0 0 0 0
183 1444 2799 3001 3322 2129 1243 486 218 152 23 0 0 0 0 0 0 0 0 0 0 0 0 0 0 0
146 1044 2304 2420 3273 2524 1795 673 437 220 144 20 0 0 0 0 0 0 0 0 0 0 0 0 0 0
74 803 1783 2151 2722 2727 2139 1186 691 394 234 44 49 3 0 0 0 0 0 0 0 0 0 0 0 0
60 573 1376 2059 2182 2478 2402 1676 989 522 406 175 52 48 2 0 0 0 0 0 0 0 0 0 0 0
60 349 1122 1887 1774 2098 2654 1898 1386 814 376 295 162 66 52 7 0 0 0 0 0 0 0 0 0 0
60 169 894 1477 1773 1765 2595 2017 1687 1250 517 258 281 130 75 51 1 0 0 0 0 0 0 0 0 0
60 90 815 1177 1510 1592 2160 2208 1857 1414 955 500 205 179 162 61 38 17 0 0 0 0 0 0 0 0
48 93 584 958 1277 1447 1855 2005 2113 1623 1326 681 355 217 167 120 47 65 19 0 0 0 0 0 0 0
43 53 383 796 1142 1346 1465 2162 1896 1684 1700 804 663 290 292 79 96 74 4 22 6 0 0 0 0 0
53 9 287 638 1052 1125 1351 1772 2043 1686 1867 1222 570 543 322 188 84 106 45 17 20 0 0 0 0 0
59 21 185 565 798 1185 1053 1613 1864 1844 1849 1447 879 459 540 285 165 38 91 25 35 0 0 0 0 0
48 41 86 510 672 980 1061 1366 1724 1855 1893 1535 1148 634 590 297 270 133 54 43 43 17 0 0 0 0
30 51 94 283 599 869 1175 1027 1606 1711 1861 1824 1213 867 650 474 262 187 73 53 91 0 0 0 0 0
39 23 88 175 527 796 1075 1038 1308 1789 1609 1793 1593 1100 685 538 329 230 112 67 74 12 0 0 0 0
41 19 90 130 338 796 1008 1018 1187 1518 1471 1759 1768 1462 728 728 359 241 171 101 62 5 0 0 0 0
3 57 67 118 215 754 851 956 1162 1336 1452 1629 1942 1542 920 702 574 293 226 155 45 1 0 0 0 0
0 60 71 78 197 654 706 1026 994 1108 1455 1611 1898 1661 1097 840 597 393 344 150 49 11 0 0 0 0
0 46 70 81 161 519 664 847 1014 1142 1143 1781 1720 1696 1332 987 771 452 292 201 63 18 0 0 0 0
0 36 27 114 89 412 564 868 972 1015 1174 1602 1715 1772 1457 1363 723 464 347 214 58 14 0 0 0 0
0 6 54 86 59 405 447 722 948 897 1217 1364 1739 1986 1437 1483 949 511 424 199 56 11 0 0 0 0
0 0 60 60 89 301 407 649 786 1095 943 1437 1752 1809 1555 1517 1183 661 378 260 58 0 0 0 0 0
0 0 47 13 111 205 374 625 712 978 1041 1413 1551 1694 1741 1595 1421 871 327 206 75 0 0 0 0 0
0 0 30 30 84 148 349 539 625 872 1142 1257 1535 1745 1809 1631 1820 854 323 143 64 0 0 0 0 0
0 0 20 40 61 123 292 388 676 706 1056 1245 1632 1822 1668 1951 1880 888 340 145 67 0 0 0 0 0
0 0 0 60 61 75 289 320 570 695 894 1091 1835 1796 1800 2066 1855 884 534 141 32 2 0 0 0 0
0 0 0 52 72 56 190 308 475 637 899 1097 1754 1861 1911 2287 1714 1031 437 184 35 0 0 0 0 0
0 0 0 60 24 82 75 365 359 625 788 960 1826 1993 2095 2200 1645 1157 550 175 21 0 0 0 0 0
0 0 0 60 21 93 16 227 410 573 826 1018 1608 1969 2406 1957 1923 1021 678 170 24 0 0 0 0 0
0 0 0 44 46 47 43 182 414 471 636 1198 1514 1906 2440 2407 1655 1281 584 53 76 3 0 0 0 0
0 0 0 42 45 20 39 164 389 401 559 1038 1545 2075 2595 2266 1940 1247 503 95 7 30 0 0 0 0
0 0 0 60 0 48 23 121 313 357 657 932 1470 2236 2588 2510 1880 1179 512 75 25 14 0 0 0 0
0 0 0 60 0 47 41 51 215 379 613 915 1342 2496 2603 2913 1833 816 501 127 48 0 0 0 0 0
0 0 0 50 10 20 55 88 184 331 571 812 1452 2273 3038 2808 1839 972 407 86 4 0 0 0 0 0
0 0 0 2 58 12 31 104 142 403 493 816 1507 2323 2678 2982 2005 1035 350 59 0 0 0 0 0 0
0 0 0 26 13 21 30 84 89 357 546 755 1682 2222 2908 2788 2008 1052 357 62 0 0 0 0 0 0
0 0 0 30 0 30 8 96 90 220 553 740 1747 2331 3017 2932 1895 976 257 78 0 0 0 0 0 0
0 0 0 3 27 30 4 48 135 166 460 895 1725 2514 2783 3204 2064 645 233 64 0 0 0 0 0 0
0 0 0 0 30 15 15 78 75 183 358 980 1696 2752 2775 3356 1737 688 230 32 0 0 0 0 0 0
0 0 0 0 30 30 1 59 60 196 338 1057 1618 2933 2899 3189 1785 594 145 66 0 0 0 0 0 0
0 0 0 0 30 25 6 59 39 147 338 982 1704 2969 3429 2804 1716 557 149 46 0 0 0 0 0 0
0 0 0 0 30 8 15 42 56 122 247 974 1953 3034 3385 2725 1692 590 124 3 0 0 0 0 0 0
0 0 0 0 15 15 30 30 47 113 187 1034 2291 2870 3511 2414 1626 680 116 21 0 0 0 0 0 0
0 0 0 0 7 23 16 48 38 80 247 928 2336 3088 3665 2364 1477 516 160 7 0 0 0 0 0 0
0 0 0 0 22 8 0 16 96 64 361 799 2324 3385 3588 2370 1295 484 151 37 0 0 0 0 0 0
0 0 0 0 30 0 0 1 95 28 445 888 2469 3393 3663 2253 1026 564 136 9 0 0 0 0 0 0
0 0 0 0 6 24 0 0 69 69 434 1070 2442 3642 3634 1867 1114 485 141 3 0 0 0 0 0 0
0 0 0 0 0 7 23 0 41 67 471 1320 2183 3684 3636 1972 1010 426 160 0 0 0 0 0 0 0
0 0 0 0 0 0 30 0 42 112 401 1296 2478 3503 3738 1919 931 421 129 0 0 0 0 0 0 0
0 0 0 0 0 0 10 40 62 97 389 1275 2688 3569 3621 1750 1016 427 56 0 0 0 0 0 0 0
0 0 0 0 0 0 19 25 44 197 379 1354 2409 3762 3496 2044 888 326 50 7 0 0 0 0 0 0
0 0 0 0 0 0 0 30 30 184 396 1484 2566 3512 3587 2105 768 252 69 17 0 0 0 0 0 0
0 0 0 0 0 0 3 27 12 216 377 1543 2734 3761 3546 1859 656 170 75 21 0 0 0 0 0 0
0 0 0 0 0 0 0 30 0 202 532 1559 2808 3886 3413 1869 539 68 83 11 0 0 0 0 0 0
0 0 0 0 0 0 0 5 27 169 586 1498 2987 3727 3743 1505 555 137 39 22 0 0 0 0 0 0
0 0 0 0 0 0 0 0 9 212 548 1523 3043 3961 3522 1433 586 139 24 0 0 0 0 0 0 0
0 0 0 0 0 0 0 0 6 225 550 1442 3216 4080 3375 1549 428 119 10 0 0 0 0 0 0 0
0 0 0 0 0 0 0 0 26 221 570 1502 3129 4332 3310 1408 437 65 0 0 0 0 0 0 0 0
0 0 0 0 0 0 0 0 27 238 599 1503 3369 4237 3299 1341 350 18 19 0 0 0 0 0 0 0
0 0 0 0 0 0 0 0 10 206 583 1503 3618 4239 2993 1452 338 58 0 0 0 0 0 0 0 0
0 0 0 0 0 0 0 0 31 177 517 1811 3684 4232 2768 1350 366 64 0 0 0 0 0 0 0 0
0 0 0 0 0 0 0 0 52 173 551 1886 3791 4234 2794 1063 410 46 0 0 0 0 0 0 0 0
0 0 0 0 0 0 0 0 47 55 708 2003 4003 4036 2766 871 448 63 0 0 0 0 0 0 0 0
0 0 0 0 0 0 0 0 8 121 709 2366 3392 4268 2744 990 371 31 0 0 0 0 0 0 0 0
0 0 0 0 0 0 0 0 23 100 809 2149 3546 4105 2821 1157 246 44 0 0 0 0 0 0 0 0
0 0 0 0 0 0 0 0 0 220 703 2209 3509 3971 2935 1121 268 59 5 0 0 0 0 0 0 0
0 0 0 0 0 0 0 0 25 215 770 2105 3515 4025 2808 1193 245 92 7 0 0 0 0 0 0 0
0 0 0 0 0 0 0 0 34 233 628 2184 3492 4196 2617 1256 315 45 0 0 0 0 0 0 0 0
0 0 0 0 0 0 0 0 64 177 825 2059 3701 3994 2521 1368 230 60 1 0 0 0 0 0 0 0
0 0 0 0 0 0 0 13 55 193 803 2040 3820 3993 2584 1152 279 68 0 0 0 0 0 0 0 0
0 0 0 0 0 0 0 13 41 130 946 2014 3939 4063 2448 990 323 93 0 0 0 0 0 0 0 0
0 0 0 0 0 0 0 0 60 64 1146 2042 4017 3870 2508 876 275 138 4 0 0 0 0 0 0 0
0 0 0 0 0 0 0 0 32 169 1122 2286 3697 4141 2243 919 236 122 33 0 0 0 0 0 0 0
0 0 0 0 0 0 0 0 46 266 886 2636 3811 3815 2104 1009 315 99 13 0 0 0 0 0 0 0
0 0 0 0 0 0 0 0 36 264 897 2604 4148 3595 2016 991 385 63 1 0 0 0 0 0 0 0
0 0 0 0 0 0 0 0 30 292 865 2538 3923 3990 1934 1020 381 27 0 0 0 0 0 0 0 0
0 0 0 0 0 0 0 0 9 94 283 761 1403 1343 618 409 78 2 0 0 0 0 0 0 0 0
