178 5000 97 3357.65
192 5000 108 4353.6
147 5000 86 3214.05
155 5000 92 3087.7
203 5000 124 4987.45
162 5000 82 4003.35
198 5000 121 4885.3
87 5000 54 4971
253 5000 136 4361.9
141 5000 70 4526.25
234 5000 112 4246.15
60 5000 38 3084.05
183 5000 115 1560.75
98 5000 54 4304.4
110 5000 62 3331.75
58 5000 39 3139.45
187 5000 108 4965.3
1 5000 15 1390.25
239 5000 115 4549.2
137 5000 99 1365.6
106 5000 106 3048.35
39 5000 29 4980.75
205 5000 130 3566.55
107 5000 77 3895.45
198 5000 96 2045.25
162 5000 75 4505.35
122 5000 71 4346.45
175 5000 90 4906.65
114 5000 53 4282.35
0 5000 10 22.9
179 5000 95 4715.1
67 5000 71 547.65
174 5000 86 4430.15
120 5000 76 2440
212 5000 111 4002.7
209 5000 126 4964.65
41 5000 84 2314.05
53 5000 44 2805.15
152 5000 82 3266.6
205 5000 106 1997.8
43 5000 28 274.45
146 5000 100 2914.3
182 5000 96 3694.8
32 5000 51 2078.35
137 5000 77 3637.8
139 5000 63 4477.45
145 5000 79 2662.35
0 5000 11 5.55
182 5000 106 4765.5
98 5000 70 4122.8
197 5000 94 3220.7
108 5000 102 1030.9
171 5000 108 3010.25
115 5000 65 4491.15
92 5000 64 4947.95
40 5000 30 4897.65
42 5000 31 3787.5
229 5000 114 4166.95
201 5000 115 2812.35
146 5000 87 1729.75
72 5000 49 4988.9
152 5000 94 1533.2
95 5000 116 3172.45
127 5000 78 4224.2
160 5000 90 3223.15
90 5000 88 3412.45
148 5000 79 4701.45
189 5000 129 3016.4
0 5000 8 15
161 5000 85 3453
145 5000 97 4923.5
249 5000 130 4549.85
154 5000 103 3009.95
47 5000 35 3735.85
194 5000 117 3554.45
210 5000 98 4324.4
169 5000 92 3968.75
175 5000 97 4435.6
155 5000 96 3491
110 5000 59 4236.4
106 5000 58 2875.85
0 5000 23 1082.6
21 5000 22 1360.3
214 5000 126 3595.25
108 5000 71 4953.55
194 5000 101 4939.5
253 5000 119 4692
83 5000 51 4694.9
193 5000 107 4438.6
120 5000 84 4095.85
161 5000 83 4903.9
0 5000 9 37.8
184 5000 101 4964.1
151 5000 89 4847
126 5000 67 4254.7
85 5000 56 4272.9
175 5000 98 4229.8
199 5000 112 4332.1
128 5000 63 3689.2
103 5000 65 1800.4
121 5000 66 517.7
203 5000 95 4388.35
38 5000 56 763.35
31 5000 33 1911.15
189 5000 105 3706.55
247 5000 136 4768.45
139 5000 75 4606.05
176 5000 136 2772.25
69 5000 44 3622.45
153 5000 92 4987.75
123 5000 72 3759.6
191 5000 101 2856.2
98 5000 56 4167.4
156 5000 75 4618.75
154 5000 110 4598.8
197 5000 100 3952.6
103 5000 92 2629.15
182 5000 128 1656.65
62 5000 43 1234.55
40 5000 42 960.35
198 5000 109 4393.95
184 5000 104 4904.65
72 5000 54 3880.15
172 5000 95 4155.25
0 5000 19 139.3
228 5000 109 4270.15
107 5000 55 2664
134 5000 81 2657.4
174 5000 110 3354.4
107 5000 81 717.95
166 5000 90 1662.9
242 5000 106 4895.3
60 5000 52 3116.7
144 5000 74 4640
6 5000 37 2112
114 5000 70 4943.85
208 5000 117 2952.15
242 5000 132 4875.95
181 5000 115 4992.1
133 5000 76 4123.55
199 5000 102 4412.55
209 5000 106 4605.9
114 5000 71 1487.1
7 5000 37 946.05
138 5000 87 2629.9
83 5000 78 1966.45
191 5000 99 4805.1
224 5000 131 4017.85
110 5000 68 4899.5
167 5000 125 3805.35
180 5000 94 2886.9
138 5000 114 2999.55
172 5000 72 4761.2
115 5000 80 1921.35
120 5000 76 4787.7
178 5000 84 4288.85
121 5000 65 4303.15
40 5000 33 3138.35
178 5000 95 3561.5
223 5000 110 4701.95
250 5000 129 4767.25
225 5000 118 4976
114 5000 61 4982.2
193 5000 127 3666.7
145 5000 81 4084.25
11 5000 26 1970.5
191 5000 122 2009.55
143 5000 92 3117.5
138 5000 67 4349.65
133 5000 82 3130.35
171 5000 98 3614.6
225 5000 122 4322.7
136 5000 72 3932.1
148 5000 79 4323.95
160 5000 93 4022.8
50 5000 33 3686.85
68 5000 46 3451.3
60 5000 57 1669.95
173 5000 92 4357.85
124 5000 84 3841.4
140 5000 93 1076.05
156 5000 83 4405.25
88 5000 73 2739.25
66 5000 70 1368.85
26 5000 26 2311.9
106 5000 71 3750
204 5000 117 527.85
95 5000 66 4223.3
177 5000 92 4859
234 5000 131 3088.75
4 5000 14 1465.75
143 5000 88 3156.6
142 5000 63 3793.9
167 5000 84 4173.2
87 5000 62 2722.85
131 5000 94 4897.85
0 5000 16 2848
193 5000 110 1582.75
92 5000 58 2073.85
48 5000 69 1378.3
154 5000 77 4824.4
48 5000 43 2714.1
137 5000 94 3624.95
24 5000 36 2736.6
87 5000 49 4604.45
176 5000 87 4454.95
0 5000 10 217.35
188 5000 96 4862
69 5000 47 4836.6
28 5000 43 2237.15
117 5000 77 2902.85
88 5000 48 3160.55
145 5000 95 3777.35
139 5000 128 3272
130 5000 80 4254.5
286 5000 136 4142.75
40 5000 27 4134.1
91 5000 64 1655.8
34 5000 34 4979.95
117 5000 103 2455.35
73 5000 37 4098.5
4 5000 49 1252
168 5000 84 4172.15
208 5000 139 3450.45
126 5000 64 2450.15
198 5000 125 2813.95
0 5000 10 76.8
108 5000 62 4526.65
75 5000 41 4845.7
72 5000 43 4300.3
163 5000 80 4914.7
0 5000 8 214.4
166 5000 83 4932.05
125 5000 83 2748.45
133 5000 79 3103.45
206 5000 119 4939.4
107 5000 70 3884.2
71 5000 45 4790.75
126 5000 158 1818.05
0 5000 7 1659.65
37 5000 24 3286.8
233 5000 131 3616.95
187 5000 106 2585.95
145 5000 77 4214.15
132 5000 67 4623.6
138 5000 76 4321.65
148 5000 96 3866.35
172 5000 121 1936.35
143 5000 112 3395.8
140 5000 85 3004.95
135 5000 79 4971.15
94 5000 111 2245.1
175 5000 99 4590
194 5000 127 3535.45
99 5000 69 970.9
200 5000 113 4991.9
153 5000 77 4496.2
20 5000 27 109.3
177 5000 100 4061.7
0 5000 19 1259.5
42 5000 32 4884.85
25 5000 25 1831.9
105 5000 75 2223.45
126 5000 59 4485.05
83 5000 52 4115.5
144 5000 80 2214.45
72 5000 44 4193.45
147 5000 95 4359
187 5000 96 4857
113 5000 68 3490.65
204 5000 100 4446.4
159 5000 80 4656.05
198 5000 111 4822.5
122 5000 77 2202.05
218 5000 101 4368.45
240 5000 145 4695.15
138 5000 73 1676.1
116 5000 64 4993.5
94 5000 93 2860.1
188 5000 100 4907.05
125 5000 90 3260.3
135 5000 101 2612.15
184 5000 89 4730.2
99 5000 81 3666.95
109 5000 60 4007.45
244 5000 117 4724.35
208 5000 119 4915.45
83 5000 57 3467.6
211 5000 96 4685.5
183 5000 96 4220.05
165 5000 91 762.8
30 5000 41 1880.8
122 5000 63 1434.65
146 5000 92 4777.8
209 5000 115 4751
119 5000 60 3069.35
110 5000 83 3766
150 5000 81 4659.55
159 5000 83 3901.7
163 5000 73 4906.1
198 5000 97 4202.5
0 5000 12 974.25
0 5000 14 0.05
118 5000 54 4069.05
136 5000 74 4971.75
101 5000 53 4640.3
215 5000 124 4823.15
90 5000 64 3980.35
180 5000 121 2498.45
185 5000 109 3219.95
9 5000 45 1592.5
117 5000 54 4981.2
67 5000 48 1044.8
109 5000 66 4958.95
48 5000 40 2066.75
270 5000 126 4475.8
221 5000 105 4510.9
201 5000 113 3587.6
60 5000 58 2988.95
238 5000 113 4566.45
174 5000 115 1919.75
179 5000 92 4625.65
138 5000 65 4761.4
193 5000 106 3033.65
220 5000 121 4408
30 5000 31 2466.5
0 5000 9 221.75
244 5000 143 3485.75
134 5000 67 4379.75
99 5000 74 2068.7
146 5000 91 3531.85
132 5000 80 1346.35
84 5000 76 2067.7
112 5000 58 3035.05
191 5000 108 3913.1
140 5000 86 2878
105 5000 72 1061.55
159 5000 105 4994.1
98 5000 69 4358.15
142 5000 82 2836.55
74 5000 46 3899.9
92 5000 55 4041.2
159 5000 82 3925.35
203 5000 112 4239.55
188 5000 96 4353.55
117 5000 76 2812.55
182 5000 85 3884.85
127 5000 85 4898.6
181 5000 93 3819.4
74 5000 56 1907.9
226 5000 106 4674
5 5000 27 1935.55
165 5000 108 3402.95
191 5000 116 3128
140 5000 88 4916
181 5000 100 3778.25
52 5000 34 3422.55
144 5000 82 4474.1
79 5000 70 2804.4
173 5000 96 4784.85
185 5000 111 4990
137 5000 64 4247.5
124 5000 69 4918.5
84 5000 65 1558.2
138 5000 76 4712.6
164 5000 96 2925.75
149 5000 70 4722.55
189 5000 113 4353.6
240 5000 130 4845.4
135 5000 78 3851.4
186 5000 95 4444.15
132 5000 69 2530.6
78 5000 49 4781.4
201 5000 103 4877.5
0 5000 13 797.05
210 5000 114 4877.15
75 5000 39 4964.85
117 5000 63 3855
149 5000 90 4045.8
124 5000 75 4124.2
185 5000 104 4599.35
66 5000 51 1230.5
228 5000 124 4762.4
162 5000 106 3859.3
125 5000 83 3712.15
121 5000 65 4739.8
118 5000 71 3257
237 5000 121 3138.35
125 5000 61 3809.2
177 5000 92 4961.75
195 5000 95 4634.6
190 5000 99 4851.9
148 5000 89 4129.9
176 5000 90 3108.4
130 5000 73 4944.35
200 5000 96 3538.9
226 5000 130 4494.35
64 5000 43 2896.65
238 5000 117 4656.45
0 5000 19 665.9
0 5000 10 317.5
151 5000 86 4709.5
70 5000 46 1713.65
122 5000 63 3451.6
209 5000 109 4962.4
1 5000 17 1476.4
178 5000 129 2841
92 5000 68 3792
149 5000 86 1872.05
138 5000 89 1721.8
176 5000 103 4840.95
161 5000 96 1928.45
129 5000 80 3347.75
147 5000 85 3390.05
167 5000 93 2689.25
176 5000 95 4438.95
143 5000 88 2606.05
116 5000 74 4882.8
145 5000 89 3814.85
201 5000 102 3836.3
72 5000 46 4983.75
138 5000 69 4035.95
153 5000 91 1411.25
26 5000 45 1730.45
46 5000 43 3606.5
56 5000 34 1495.5
206 5000 97 4685.75
207 5000 125 4710
134 5000 61 3855.05
142 5000 85 4885.7
92 5000 65 3851.55
173 5000 106 2816.05
130 5000 84 4915.85
74 5000 45 3284.8
98 5000 56 4804.5
223 5000 131 3578.85
198 5000 104 4678.6
102 5000 67 4757.8
105 5000 60 3263.3
216 5000 111 4795.45
133 5000 70 1053.45
116 5000 68 3414.35
177 5000 84 4722.15
94 5000 73 1894.95
79 5000 57 4819.25
98 5000 64 1271.1
217 5000 114 4687.8
71 5000 48 4485.1
144 5000 112 2247.45
52 5000 49 2175.15
49 5000 41 4990.3
156 5000 95 1724.9
198 5000 112 2525.1
167 5000 78 4454.65
142 5000 64 4028.85
19 5000 26 3241.45
101 5000 60 4874.45
101 5000 48 4666.1
127 5000 76 1357.65
118 5000 102 1841.45
224 5000 112 3951.35
0 5000 4 0.05
212 5000 119 4443.05
238 5000 110 4955.15
131 5000 79 4724.2
93 5000 60 2831.85
154 5000 73 4677.1
158 5000 94 4293.7
199 5000 104 4891.95
54 5000 60 526
104 5000 58 4442.45
180 5000 103 3193.65
150 5000 75 4537.45
200 5000 94 4113.4
134 5000 88 4156.2
104 5000 72 3622.95
139 5000 72 4813.5
136 5000 90 1164.85
85 5000 57 4995.25
172 5000 95 4817.3
197 5000 122 2166.9
236 5000 120 4336.25
113 5000 72 3492.65
107 5000 52 1028.4
0 5000 12 8.65
42 5000 59 686.05
3 5000 22 2345.4
134 5000 79 2567.1
133 5000 75 1607.15
166 5000 122 4984.3
98 5000 62 4533.15
37 5000 62 2012.95
91 5000 54 4922.6
151 5000 95 2984.75
137 5000 74 4360.8
122 5000 79 4938.3
168 5000 97 3669.95
79 5000 57 1141.9
71 5000 76 1160.25
170 5000 80 4671.4
