548 2500 325 928.9
548 2500 289 1460.9
541 2500 350 919.45
539 2500 280 936.6
556 2500 329 668.75
551 2500 290 1431.8
541 2500 349 641.55
519 2500 301 875.65
557 2500 365 630.75
564 2500 299 682.55
540 2500 301 1041.1
537 2500 291 1072.85
575 2500 333 1044.15
576 2500 296 963.2
546 2500 309 909.2
601 2500 344 805.05
573 2500 328 945.8
561 2500 308 630.75
575 2500 274 1749.75
550 2500 322 725.9
532 2500 268 1242.25
531 2500 304 983.9
547 2500 320 1321.05
554 2500 291 979
545 2500 299 756.35
554 2500 290 1858.85
562 2500 315 911.55
541 2500 312 1109.6
556 2500 276 1086.2
552 2500 296 1571.8
564 2500 362 697.1
558 2500 311 923.8
550 2500 282 1301.2
553 2500 314 501.8
586 2500 331 1272.2
574 2500 335 740.15
570 2500 310 706.6
570 2500 374 814.2
556 2500 317 860.55
541 2500 295 725.85
540 2500 301 993.15
535 2500 306 924.45
537 2500 326 942.9
560 2500 302 749.6
564 2500 278 872.95
511 2500 321 861.4
575 2500 335 859.3
517 2500 284 870.05
581 2500 286 980.8
568 2500 346 896.05
564 2500 273 1829
593 2500 289 792.1
535 2500 256 1075.25
546 2500 354 604.1
557 2500 310 1167.3
554 2500 272 1228.1
503 2500 335 860.95
542 2500 321 943.35
537 2500 291 932.8
545 2500 266 1985.45
570 2500 274 1186
585 2500 336 796.2
507 2500 302 1110.45
560 2500 320 822.55
504 2500 286 413.1
555 2500 324 986.6
563 2500 294 1060.95
527 2500 318 705.95
544 2500 282 1209.35
571 2500 350 641.15
531 2500 275 1157.75
564 2500 294 1083.45
569 2500 355 603.1
533 2500 300 734.45
539 2500 352 688.8
580 2500 361 730.3
548 2500 294 1188
571 2500 312 862.75
514 2500 288 710.05
557 2500 327 922.25
543 2500 294 855.4
522 2500 285 2499.4
537 2500 329 706.65
573 2500 290 746.2
558 2500 292 930.5
558 2500 308 1049.45
568 2500 334 774.45
580 2500 302 762.8
547 2500 306 715.5
537 2500 307 1061.25
549 2500 304 1283.45
555 2500 305 971.1
588 2500 293 1133.85
525 2500 313 607.1
563 2500 331 647.05
568 2500 357 586.2
538 2500 297 484.95
586 2500 300 1034.35
580 2500 318 727.95
592 2500 319 1169.65
548 2500 305 565.3
561 2500 330 965.45
555 2500 313 621.55
570 2500 303 1121.6
544 2500 364 573.4
572 2500 309 923.45
547 2500 322 1063.75
565 2500 304 1076.9
535 2500 275 896.15
537 2500 349 600.55
540 2500 293 778.45
539 2500 377 573.65
541 2500 382 690.4
538 2500 304 834.7
579 2500 316 607.3
539 2500 339 1177.5
533 2500 348 910.35
559 2500 313 885.95
561 2500 336 675.7
557 2500 304 643.8
553 2500 326 970.5
528 2500 317 1147.95
552 2500 323 827.9
578 2500 315 669.85
591 2500 313 616.15
556 2500 281 1102.7
592 2500 293 942.05
554 2500 310 843.05
543 2500 329 1504.15
533 2500 364 631.1
571 2500 305 963.15
572 2500 339 701.55
572 2500 310 696.55
555 2500 326 492.85
586 2500 300 1125.1
569 2500 315 1180.25
564 2500 291 1118.7
550 2500 370 696.85
520 2500 327 986.9
560 2500 297 840.35
576 2500 353 668.1
568 2500 351 663.95
556 2500 350 524.35
557 2500 305 1172.9
509 2500 345 758.9
575 2500 350 844.6
535 2500 341 1007.3
559 2500 306 703.65
518 2500 351 866.35
546 2500 310 1032.2
567 2500 306 1165.5
565 2500 311 626.75
563 2500 327 550.55
567 2500 298 1275.85
538 2500 262 1374.55
523 2500 318 1062.15
532 2500 289 889.9
567 2500 287 957.6
549 2500 295 728.55
542 2500 310 896.95
554 2500 309 922.95
545 2500 320 852.75
585 2500 303 631.4
566 2500 309 961.85
522 2500 318 564.7
549 2500 306 739.55
533 2500 270 1415.8
559 2500 308 821.95
566 2500 340 815.35
524 2500 313 937.1
545 2500 317 925.85
601 2500 306 861.75
577 2500 320 968.15
554 2500 288 1071.1
549 2500 277 951.3
543 2500 260 2140.15
557 2500 327 689.9
547 2500 334 759.6
552 2500 334 799.5
551 2500 308 943.25
552 2500 280 1055.4
553 2500 305 1272.2
542 2500 311 660.65
530 2500 349 634.45
533 2500 384 736.9
561 2500 304 984.8
544 2500 337 959.2
547 2500 302 1262.05
546 2500 298 1347.15
563 2500 296 1274.45
570 2500 305 811.25
565 2500 291 1101.9
572 2500 321 963.05
550 2500 307 1128.2
528 2500 274 1146.85
573 2500 272 730.95
577 2500 304 664.95
544 2500 404 670.25
562 2500 359 736.6
563 2500 294 777.3
547 2500 323 1013.7
531 2500 286 1096.2
571 2500 324 626.55
557 2500 353 524.15
550 2500 329 756.5
510 2500 354 637.2
572 2500 318 810.15
568 2500 278 800.35
561 2500 331 781.4
546 2500 294 1123.95
536 2500 339 1094.95
556 2500 332 702.85
534 2500 379 671.45
544 2500 361 614.95
553 2500 302 1006.25
567 2500 307 1459.95
509 2500 363 541.2
522 2500 302 938.2
558 2500 304 856.45
547 2500 290 1009.6
548 2500 276 851.15
581 2500 318 987.3
554 2500 292 1070.1
576 2500 277 1127.65
565 2500 283 2356.45
572 2500 296 1008.55
524 2500 372 734.45
564 2500 273 1225.3
581 2500 314 1054.5
569 2500 350 936.8
550 2500 340 756
543 2500 277 2002.9
553 2500 270 886.75
553 2500 290 1103.2
558 2500 362 563.25
552 2500 294 838.7
526 2500 339 978
565 2500 281 1279.8
553 2500 318 754.1
585 2500 346 727.2
560 2500 279 822.35
557 2500 310 853.05
538 2500 317 946.4
531 2500 327 691.95
520 2500 283 1088.8
567 2500 362 527.5
526 2500 315 903.15
568 2500 326 764.75
565 2500 303 682.7
516 2500 319 762.75
573 2500 325 1071.3
535 2500 340 731.25
572 2500 309 732.55
560 2500 304 1290.5
521 2500 286 1093.05
595 2500 334 715.4
557 2500 326 829.5
561 2500 323 696.9
544 2500 283 1093
566 2500 297 1191.05
519 2500 302 842.3
551 2500 273 1287.2
577 2500 346 766.25
562 2500 343 547.95
589 2500 290 816.05
547 2500 323 798.6
551 2500 327 583.5
554 2500 341 909.1
544 2500 300 1254.3
552 2500 293 1233.75
555 2500 340 628.5
532 2500 306 900.2
571 2500 314 787.45
565 2500 337 1003.45
519 2500 293 855.5
554 2500 317 1628
543 2500 323 754.3
570 2500 304 1233.65
558 2500 305 1238.95
556 2500 365 662.05
526 2500 317 1194.3
562 2500 269 1436.95
545 2500 319 1170.35
558 2500 286 838.05
549 2500 330 729.95
545 2500 342 580.9
560 2500 349 922.6
543 2500 358 677.15
569 2500 296 861.1
510 2500 299 1193.8
543 2500 297 1027.15
567 2500 337 667.35
596 2500 277 791.45
593 2500 334 957.5
536 2500 321 1067.55
573 2500 330 597.95
551 2500 293 1042.35
581 2500 284 1862.95
541 2500 317 917.75
543 2500 310 1246.35
563 2500 282 618.65
569 2500 290 1164.85
568 2500 324 925.95
548 2500 333 687.2
528 2500 321 872.6
568 2500 351 608.2
572 2500 316 1066.75
551 2500 292 558.25
566 2500 315 569.15
524 2500 329 602.5
556 2500 332 815.05
545 2500 325 898.85
544 2500 317 859.65
557 2500 294 732.35
567 2500 299 668.1
547 2500 300 917
550 2500 304 1040.85
604 2500 322 943.9
560 2500 337 791.85
552 2500 310 763.7
559 2500 358 794.8
0 2500 1 0.05
548 2500 299 818.1
571 2500 304 681.7
533 2500 315 1098.85
527 2500 283 608.9
584 2500 317 543.25
534 2500 327 860.7
543 2500 285 1483.6
586 2500 311 727.05
546 2500 343 599.3
565 2500 325 702.95
553 2500 333 667.6
558 2500 301 1009.85
535 2500 309 975.45
573 2500 270 1737.7
555 2500 314 787.3
563 2500 326 677.3
592 2500 304 1051.25
561 2500 343 971.45
515 2500 382 957.6
514 2500 306 1084.5
553 2500 275 646.65
580 2500 310 882.55
603 2500 343 513.75
560 2500 327 995.9
566 2500 324 754.45
0 2500 3 0.05
507 2500 287 766.5
568 2500 318 632.25
598 2500 303 947.6
547 2500 331 948.4
537 2500 309 1382.55
538 2500 346 818.55
533 2500 294 888.9
534 2500 308 802
568 2500 333 1222.15
532 2500 325 1434.8
530 2500 309 760.95
554 2500 287 612.55
572 2500 298 643.05
538 2500 329 776.4
548 2500 355 1017.85
546 2500 317 794.95
572 2500 313 812.15
550 2500 289 655.35
575 2500 318 897.95
521 2500 355 971.4
560 2500 278 1273.1
554 2500 343 715.35
539 2500 266 1303.6
550 2500 300 1117.25
557 2500 324 1046.85
548 2500 367 753.8
559 2500 328 717.85
544 2500 312 1651.1
519 2500 308 1087.75
554 2500 375 923.7
522 2500 343 710.8
519 2500 274 1159.25
534 2500 319 680.95
563 2500 330 659.1
543 2500 318 695.75
539 2500 295 607.55
530 2500 320 716.65
568 2500 297 736.7
537 2500 297 1131.8
549 2500 362 651
549 2500 315 710.25
568 2500 338 702.3
572 2500 304 818.65
590 2500 341 471.65
546 2500 353 793.55
563 2500 331 793.7
553 2500 303 614.45
556 2500 347 808.25
543 2500 289 1009.8
561 2500 290 589.9
576 2500 319 640.1
563 2500 322 966.5
543 2500 308 1286.5
540 2500 292 851.1
544 2500 304 910.7
593 2500 321 1034.6
526 2500 357 826.4
545 2500 352 709
528 2500 282 823.2
565 2500 329 847.75
586 2500 318 1187.85
573 2500 333 773.35
575 2500 316 730.4
534 2500 282 831.85
539 2500 343 911.05
556 2500 323 1325
561 2500 308 813.5
560 2500 325 1020.6
566 2500 300 706.65
540 2500 293 1095.15
548 2500 304 789.5
566 2500 356 618.7
565 2500 331 624.15
570 2500 290 1167.5
560 2500 333 655.85
551 2500 310 733.55
570 2500 317 902.4
516 2500 364 771.1
560 2500 348 973.65
527 2500 327 788.45
538 2500 313 851.2
546 2500 277 1091.4
558 2500 336 786.9
586 2500 316 871.2
584 2500 305 1054.5
528 2500 292 625.6
521 2500 306 598.25
561 2500 343 754.15
546 2500 332 1064.75
548 2500 323 1011.95
546 2500 311 688.25
545 2500 312 777.15
581 2500 318 1145.65
563 2500 274 1250.15
513 2500 279 1781.65
568 2500 325 923.85
569 2500 322 738.7
591 2500 303 786.5
536 2500 292 1286.45
537 2500 295 910.75
534 2500 374 838.6
558 2500 303 1085.35
564 2500 312 740.65
532 2500 317 907.5
544 2500 339 831.05
554 2500 301 1082.55
494 2500 320 1027.35
573 2500 306 921.75
551 2500 283 840.3
567 2500 367 685.95
561 2500 313 942.75
584 2500 331 1157.2
575 2500 311 655.7
538 2500 335 694.75
561 2500 308 880.25
567 2500 281 551.65
531 2500 379 627.85
579 2500 291 969.95
551 2500 314 657.55
565 2500 310 1016.65
526 2500 260 942.8
571 2500 285 1161.6
522 2500 364 570.15
562 2500 293 906.6
557 2500 287 904.85
546 2500 329 882.9
520 2500 327 970.35
533 2500 329 1007.45
560 2500 285 856.8
563 2500 259 1031.1
534 2500 371 749.35
560 2500 317 472.75
552 2500 309 535.55
526 2500 319 967.45
520 2500 293 898.35
548 2500 292 649.1
533 2500 288 1186
507 2500 333 663.1
538 2500 339 979.8
535 2500 323 548.95
514 2500 273 1156.05
537 2500 293 856.9
582 2500 366 772.2
556 2500 352 889.35
566 2500 328 958.25
570 2500 281 1275.55
559 2500 316 570.45
556 2500 311 823.6
547 2500 282 1218.5
540 2500 334 532.15
542 2500 336 860.55
514 2500 317 995.85
529 2500 245 2142.75
525 2500 264 2136.6
485 2500 305 855.75
500 2500 286 870.3
519 2500 258 1272.25
508 2500 250 1829
514 2500 243 1765.5
482 2500 228 1231.05
509 2500 248 1344.45
449 2500 291 957.45
495 2500 258 1539
533 2500 267 1080.1
481 2500 275 1090.3
464 2500 224 1426.3
450 2500 261 1044.55
477 2500 254 1499.15
482 2500 258 1970.1
476 2500 237 1830.2
434 2500 259 1242.85
472 2500 294 1028.75
503 2500 271 1664.35
502 2500 272 970.65
523 2500 252 1951
504 2500 245 1052.4
544 2500 246 1093.65
502 2500 253 1966.6
513 2500 252 1326.6
486 2500 275 1322.6
485 2500 263 827.1
511 2500 271 1313.35
522 2500 256 2476
517 2500 241 2069.35
474 2500 234 1447.9
511 2500 242 2250.2
494 2500 285 868.5
471 2500 268 1030
523 2500 248 1171.75
495 2500 274 1381.55
516 2500 258 1300.1
504 2500 273 1447.2
531 2500 252 2215.7
495 2500 242 2349.2
520 2500 270 1733.85
495 2500 243 1315.55
506 2500 315 1179.35
469 2500 268 1205.6
468 2500 245 1060.35
493 2500 293 848.85
502 2500 255 1127.45
484 2500 240 2337.75
477 2500 236 966.45
483 2500 256 1428.05
515 2500 221 995.6
477 2500 227 1980.65
509 2500 235 1613.1
486 2500 259 1478.8
433 2500 292 907.45
514 2500 305 1013.75
477 2500 228 1191.8
477 2500 262 1074.85
494 2500 240 2030.15
534 2500 272 2176.05
525 2500 283 1068.15
531 2500 270 1129.05
509 2500 225 1776.5
526 2500 254 1473.85
478 2500 304 895.35
468 2500 250 1227.15
523 2500 270 2403
515 2500 243 1440
470 2500 231 1933.15
497 2500 252 1704.3
500 2500 277 1059.75
484 2500 272 1157.2
458 2500 273 1424.65
465 2500 286 985.5
454 2500 235 1236.05
496 2500 242 1165.8
495 2500 270 1489.3
512 2500 254 1382.95
475 2500 311 800.65
438 2500 264 760.1
494 2500 251 1487.85
458 2500 253 1543.4
518 2500 251 1394.5
498 2500 288 964.9
487 2500 244 897.3
500 2500 262 597.4
522 2500 265 2298.95
490 2500 311 1077.9
481 2500 294 1535.15
499 2500 289 1841.45
445 2500 270 1467.55
449 2500 296 853.4
472 2500 257 1194.65
506 2500 254 964.6
490 2500 286 1091.75
506 2500 254 1964.65
490 2500 251 865.25
492 2500 263 954.8
514 2500 243 1370.2
491 2500 270 1449.7
494 2500 238 1334.75
464 2500 266 1473.2
496 2500 269 1114.55
499 2500 246 1333.5
512 2500 272 1598.15
435 2500 247 1163.05
500 2500 234 1718
509 2500 292 1048.3
464 2500 326 1140.85
509 2500 239 1987.8
470 2500 240 2273.4
495 2500 236 1450.25
498 2500 269 1268.4
488 2500 237 1315.4
468 2500 268 1558.3
528 2500 248 1376.55
531 2500 253 2214.75
518 2500 312 871.2
494 2500 293 1199.75
501 2500 249 1618.4
520 2500 288 1731.4
431 2500 261 2436.45
511 2500 230 1636
513 2500 252 882.5
460 2500 202 2062.85
462 2500 258 1870.45
486 2500 238 1293.8
501 2500 263 1149.95
509 2500 227 1535.75
483 2500 241 1219.3
499 2500 269 1267
514 2500 250 1596.55
480 2500 240 2212.25
491 2500 257 927.45
460 2500 243 1231
492 2500 284 1067.4
554 2500 275 1269.45
479 2500 268 1791.05
531 2500 253 2111.2
515 2500 231 1751.65
467 2500 226 1528.75
480 2500 206 2262.95
492 2500 247 1745.1
491 2500 273 2391.95
502 2500 279 763.15
497 2500 269 1592.6
500 2500 252 900.9
494 2500 224 1257.55
517 2500 243 2030.7
435 2500 244 1301.9
452 2500 257 734.2
500 2500 265 1498.35
460 2500 271 1479.45
517 2500 234 1579.05
519 2500 254 1316.4
500 2500 282 1189.65
446 2500 259 1131.45
503 2500 249 1706
510 2500 259 1449.4
509 2500 280 1050.55
508 2500 271 2436.35
460 2500 263 1510.35
490 2500 278 1013.15
503 2500 222 1816.25
492 2500 276 978.25
504 2500 254 786
499 2500 237 1692.5
492 2500 284 1128.45
455 2500 253 1551.65
506 2500 260 2084.4
506 2500 279 1529.5
500 2500 227 2268.95
474 2500 284 1555.25
526 2500 279 721.2
458 2500 275 1216.5
510 2500 252 1556.3
501 2500 276 1440.75
483 2500 273 1170.7
499 2500 256 1361.95
478 2500 258 973.15
498 2500 253 2410.05
572 2500 249 1768.4
465 2500 245 2132.7
531 2500 268 1622.15
531 2500 270 1472.6
505 2500 255 1266.35
469 2500 215 2203.15
504 2500 253 1757.1
429 2500 256 1191.35
483 2500 261 731.8
460 2500 285 1128.2
535 2500 255 2103.25
526 2500 235 1736
460 2500 299 1164.85
478 2500 244 1797.6
447 2500 261 1750.6
507 2500 258 708.05
532 2500 269 1138.05
503 2500 282 637.8
498 2500 238 1632.3
496 2500 285 1395.6
493 2500 272 1388.75
479 2500 283 1124.35
510 2500 249 1569.5
459 2500 284 1189.95
513 2500 248 1895.55
465 2500 273 1006.25
504 2500 254 869.35
498 2500 265 1126.65
480 2500 272 686.4
472 2500 293 849.15
433 2500 252 1136.85
485 2500 283 1140.55
481 2500 262 975.85
471 2500 266 1222.25
502 2500 266 1508.75
498 2500 237 823.25
509 2500 265 867.35
474 2500 260 1308.25
496 2500 282 857.85
482 2500 255 1011.2
459 2500 270 865.9
534 2500 232 1725.55
477 2500 258 1487.35
468 2500 258 831.95
497 2500 258 1277.15
493 2500 266 1462.2
474 2500 238 1281
530 2500 248 2199.15
487 2500 273 814.9
494 2500 270 1299.25
483 2500 261 1538.1
481 2500 279 1312.95
525 2500 286 628.05
459 2500 252 1555.5
502 2500 290 1188.1
447 2500 235 1654.9
484 2500 235 2418.4
458 2500 245 1124.35
520 2500 255 1423.15
501 2500 242 803.45
467 2500 221 2182.1
509 2500 250 1392.9
518 2500 252 1871.35
499 2500 280 1650.4
510 2500 255 1728.05
455 2500 263 891.9
485 2500 258 1732.35
514 2500 297 1371.7
499 2500 269 1478.7
513 2500 292 1238.8
502 2500 263 1157.05
504 2500 253 2365.6
523 2500 262 875.55
504 2500 244 1757.45
470 2500 292 1106.75
418 2500 240 2432.5
486 2500 232 1770.45
503 2500 248 722.65
498 2500 239 1614.1
491 2500 266 1284.1
490 2500 236 1937.35
488 2500 258 1517.65
442 2500 302 1081.9
420 2500 242 1453.8
485 2500 233 1167.25
512 2500 310 573.25
493 2500 292 1401.45
484 2500 256 1671.75
492 2500 244 1904.1
505 2500 264 2348.4
489 2500 265 1317.65
525 2500 261 1553
464 2500 261 1031.2
500 2500 240 729.2
481 2500 255 1139.8
493 2500 232 2496.55
504 2500 254 952.6
508 2500 272 1119.6
493 2500 285 1046.7
521 2500 265 1842.9
488 2500 260 2380.2
518 2500 261 967.15
476 2500 297 1205.5
499 2500 281 816.1
502 2500 256 1470.95
483 2500 263 1452.55
518 2500 287 1029.85
480 2500 227 1897.5
467 2500 249 1200.75
502 2500 270 965.8
451 2500 253 1470.65
459 2500 255 1653.2
524 2500 243 1239.8
503 2500 237 1092.5
514 2500 258 1408.5
487 2500 284 1596.9
535 2500 271 1284.55
439 2500 263 911.95
486 2500 272 1644.6
494 2500 235 941.45
453 2500 271 1132.25
456 2500 229 1607.25
519 2500 273 944.35
499 2500 278 800.8
496 2500 251 1855.55
516 2500 256 1675.65
468 2500 253 1574.45
494 2500 262 1096.5
483 2500 249 1458.9
502 2500 268 1455.9
475 2500 271 840.35
458 2500 278 1396.25
520 2500 292 1317.05
483 2500 287 1332.9
515 2500 277 1049.8
470 2500 261 1596.6
523 2500 239 1329.9
483 2500 215 2195.35
525 2500 239 2256.6
508 2500 283 1295.85
465 2500 240 1465.15
480 2500 324 589.45
510 2500 293 1836.75
520 2500 287 981.1
492 2500 255 1745.9
468 2500 265 1035
493 2500 316 636.65
501 2500 235 1635.6
513 2500 243 2422.85
530 2500 232 2301.8
532 2500 272 1087.25
447 2500 308 893.9
503 2500 248 1634.5
484 2500 287 1040.35
493 2500 256 1390.05
474 2500 273 1259.95
493 2500 283 1084.95
492 2500 273 1260.3
483 2500 273 1622.15
512 2500 282 2386.35
497 2500 291 741.95
484 2500 309 1100.55
516 2500 294 806.15
517 2500 233 2202.5
530 2500 278 970.9
513 2500 274 1531.8
518 2500 237 1236.95
499 2500 236 1931.05
476 2500 244 1350.6
482 2500 246 1548.2
525 2500 252 2308.95
522 2500 263 1577.9
500 2500 261 1047.45
467 2500 226 2048.9
501 2500 267 1611.1
481 2500 238 1728.7
485 2500 220 1453.95
488 2500 225 1810.6
423 2500 245 1523.5
503 2500 255 1520.05
495 2500 249 1802
498 2500 271 715.7
469 2500 267 836.4
497 2500 261 1035.5
519 2500 305 742.05
468 2500 223 1589.4
522 2500 254 1814.45
469 2500 242 2226.5
479 2500 257 987.05
465 2500 273 1052.15
493 2500 230 1379
526 2500 284 1199.05
499 2500 238 2404.5
514 2500 261 1712.1
447 2500 251 1291.15
493 2500 252 1065.55
496 2500 234 1899.75
475 2500 265 1024.85
465 2500 247 2010.4
519 2500 230 1948.8
519 2500 252 885.95
472 2500 263 884.95
507 2500 286 1520.55
514 2500 281 1326.55
478 2500 240 779.8
472 2500 287 1182.15
479 2500 257 1583.2
478 2500 279 1217.65
511 2500 272 1027.5
503 2500 217 2417.1
497 2500 233 2247.5
497 2500 259 1251.25
440 2500 252 1064.95
484 2500 243 1779.5
523 2500 252 1670.3
452 2500 285 938.9
499 2500 278 1094.7
520 2500 242 2376.5
513 2500 251 2063.7
459 2500 241 759.7
473 2500 270 1499.85
471 2500 316 960.95
508 2500 261 864.7
483 2500 236 1084.9
458 2500 241 1450.2
455 2500 228 1700.1
490 2500 243 1948.2
541 2500 236 1203.05
474 2500 246 1407.35
500 2500 274 1667.55
428 2500 220 1702.1
455 2500 273 1706.5
455 2500 239 931.95
494 2500 259 1651.55
517 2500 260 1339.3
431 2500 220 2462.8
506 2500 260 1412.85
446 2500 215 2337.65
497 2500 266 880.2
426 2500 221 2481.1
473 2500 256 1098.45
493 2500 244 1478.35
417 2500 254 957.6
480 2500 252 1440.2
470 2500 236 2493.15
502 2500 225 2006.85
472 2500 229 1258.6
499 2500 271 1556.3
489 2500 263 988.5
500 2500 247 928.85
467 2500 246 934.5
494 2500 255 1846.95
505 2500 254 888.95
487 2500 240 630
499 2500 239 1252.35
488 2500 269 1705.7
486 2500 298 774.1
525 2500 252 1945.75
476 2500 253 1732
517 2500 301 1182.75
439 2500 273 1084.55
485 2500 250 1841.3
491 2500 251 869.4
479 2500 231 1236.8
457 2500 239 794
500 2500 260 1144.55
504 2500 278 1556.95
501 2500 264 1481.4
469 2500 258 1166.7
510 2500 224 957.05
488 2500 233 2037.45
456 2500 217 1227.45
472 2500 284 960.3
476 2500 276 1149.25
507 2500 224 1681
506 2500 259 1581.95
481 2500 243 1338.15
500 2500 257 1494.35
489 2500 253 940.1
450 2500 280 1183.1
479 2500 271 1113.5
514 2500 257 1253.95
487 2500 266 1908.6
476 2500 257 1108.85
514 2500 250 1932.15
429 2500 238 1055.2
491 2500 227 1082.9
499 2500 259 1766.45
452 2500 276 1370.05
483 2500 250 1735.25
479 2500 238 1220.25
495 2500 234 2100.8
510 2500 263 1098.55
479 2500 264 1312.4
497 2500 238 1497.7
518 2500 267 2059.85
497 2500 259 1561.55
513 2500 264 755.5
522 2500 297 979.3
498 2500 267 1696.5
493 2500 247 1876.35
511 2500 242 1944.1
438 2500 283 1230.45
472 2500 294 1057.8
475 2500 270 740.7
440 2500 274 888.75
543 2500 326 807.4
487 2500 319 646.35
506 2500 281 1286.75
504 2500 243 1625.05
539 2500 284 1533.3
492 2500 257 2066.2
511 2500 239 2263
498 2500 241 1350.4
429 2500 284 1175.85
460 2500 225 1955.1
496 2500 254 2157.3
352 2500 167 1955.7
446 2500 212 2058.55
400 2500 213 2406.95
436 2500 228 1605.5
385 2500 207 2309.6
361 2500 181 2265
310 2500 157 2390.2
440 2500 235 882.4
383 2500 182 2436.6
406 2500 226 1415.6
477 2500 214 2089.95
355 2500 207 2445.25
393 2500 226 1146.9
347 2500 177 2440.8
383 2500 186 1799.95
397 2500 204 1265.7
438 2500 219 2352.65
461 2500 211 2374.05
411 2500 204 2421.15
400 2500 209 2078.85
384 2500 185 2237.6
375 2500 191 1165.7
380 2500 229 2495.1
361 2500 191 1192.35
416 2500 219 1701.9
396 2500 188 1843.3
424 2500 197 948.2
355 2500 187 1267.8
363 2500 184 2499.15
440 2500 221 2479.6
414 2500 197 2118.4
388 2500 193 1792.9
476 2500 201 2220.45
388 2500 181 1416
392 2500 220 2472.3
332 2500 167 2479
411 2500 215 2499.9
444 2500 251 1786.85
461 2500 236 2210.55
428 2500 210 1429.75
211 2500 116 2273.05
449 2500 215 2228.7
407 2500 207 1892.15
432 2500 235 2290.55
101 2500 86 2497.2
398 2500 189 2291.8
384 2500 183 1140.45
411 2500 231 1533.85
383 2500 202 1679
309 2500 157 2470.45
334 2500 160 1787.3
428 2500 235 877.95
368 2500 207 2447.95
279 2500 150 2474.65
365 2500 191 1837.15
413 2500 195 2067.35
386 2500 223 1566.9
417 2500 200 1712.1
323 2500 177 2113.05
323 2500 165 2497.45
446 2500 240 2099.1
346 2500 167 2383.15
420 2500 203 2491.05
403 2500 215 2486.1
346 2500 193 2450.45
299 2500 149 2464.6
401 2500 196 1638.85
301 2500 170 2499.55
469 2500 226 2277.35
377 2500 196 1499.9
392 2500 176 2305.2
427 2500 215 1211.2
401 2500 208 1975.9
385 2500 194 1933.45
343 2500 185 1855.85
251 2500 133 2402.55
421 2500 209 1826.35
352 2500 185 2024.85
398 2500 175 1762.55
252 2500 140 2410.65
436 2500 190 2249.35
427 2500 202 1059.05
346 2500 180 909.1
406 2500 207 1815.15
417 2500 217 1601.6
419 2500 224 1558.6
452 2500 224 2104.55
380 2500 188 2487.45
407 2500 214 2484.8
302 2500 157 2451.05
408 2500 223 2483.05
404 2500 204 2497.25
455 2500 231 1092.4
382 2500 198 2205.5
421 2500 219 1507.9
366 2500 191 1737.5
423 2500 228 1319.6
467 2500 228 2148.2
362 2500 178 2483.8
394 2500 204 2445.35
401 2500 192 1245.7
435 2500 239 2403.1
439 2500 191 1389.3
391 2500 209 2388.1
429 2500 233 876.5
441 2500 233 2081.65
383 2500 184 2289.6
370 2500 178 2160.05
0 2500 1 0.05
412 2500 204 1328
422 2500 191 1991.05
399 2500 217 2348.6
420 2500 215 2499.65
399 2500 190 2420.6
397 2500 191 2400.6
372 2500 191 1641.55
254 2500 136 2374.6
417 2500 208 1758.35
401 2500 205 2154.1
413 2500 194 1920.35
434 2500 220 2267.6
318 2500 151 2401.9
428 2500 209 1504.7
422 2500 205 1858.7
424 2500 235 1313.65
424 2500 203 1944.8
388 2500 168 1955.85
469 2500 244 2026.4
426 2500 214 1921.75
420 2500 208 2410.9
462 2500 253 1517.9
423 2500 218 1654.25
440 2500 202 1518.85
398 2500 201 2478.05
398 2500 203 1802.45
425 2500 205 2402.45
395 2500 211 1950
393 2500 215 1753.95
427 2500 247 2494.5
407 2500 197 1771.75
332 2500 184 2424.45
414 2500 223 1878.15
413 2500 201 2379.2
410 2500 185 1118.6
370 2500 177 2060.85
387 2500 198 2490.85
413 2500 189 1081.45
351 2500 173 2426.95
394 2500 219 1475.25
348 2500 188 2130.65
317 2500 169 1257.05
378 2500 210 2323.1
376 2500 183 1378.7
446 2500 220 2343.2
409 2500 221 1501.5
317 2500 162 1913.25
472 2500 210 2039.55
425 2500 210 1695.25
376 2500 192 1659.6
400 2500 232 2485.7
302 2500 156 2439.75
385 2500 182 2436.3
385 2500 180 1559
421 2500 213 1358.55
370 2500 168 1564.7
387 2500 197 2164.4
289 2500 158 2414.35
413 2500 205 2222.65
406 2500 191 2217.3
404 2500 207 989.05
472 2500 212 1432.45
433 2500 234 1710.1
410 2500 190 2378.95
392 2500 192 1988.25
443 2500 228 1185.95
405 2500 211 2307.2
429 2500 210 1332.2
468 2500 246 2304.3
298 2500 143 2307.1
465 2500 242 2193.65
370 2500 183 1768.15
412 2500 205 1612.8
442 2500 246 1816.35
408 2500 198 2267.4
399 2500 198 2094.95
425 2500 209 2047.7
392 2500 202 2116.85
439 2500 200 1506.85
430 2500 241 2098.9
403 2500 186 2078.05
429 2500 238 1884.9
403 2500 193 2145.6
371 2500 181 1860.85
415 2500 205 1609
328 2500 152 2273.15
386 2500 223 1039.05
376 2500 189 1570.95
407 2500 206 2110.25
238 2500 137 2484.2
404 2500 191 1872.2
398 2500 228 1790.25
370 2500 228 2455.95
445 2500 208 2282.75
438 2500 206 2241.4
450 2500 204 2161.75
449 2500 241 1828
409 2500 233 2328.4
276 2500 155 2449.3
460 2500 237 2010.8
370 2500 236 1167.4
416 2500 208 2382
413 2500 202 2383.8
411 2500 255 1238.35
427 2500 203 1999.25
413 2500 203 2100.7
131 2500 69 2484.8
420 2500 203 2448.75
322 2500 188 2433.8
368 2500 190 2092.2
355 2500 228 876.35
427 2500 197 1859.35
444 2500 217 1806.7
385 2500 221 1248.7
434 2500 208 2049
310 2500 160 2486.7
351 2500 215 1188.25
382 2500 184 1267.7
284 2500 188 2404.3
337 2500 174 2481.75
383 2500 184 1546.35
461 2500 237 2336.15
392 2500 219 1799.2
433 2500 213 2067.5
424 2500 235 1464.55
432 2500 219 1614.4
397 2500 198 2457.9
391 2500 185 1362.85
437 2500 230 1677.6
385 2500 178 2372.5
437 2500 206 2258.6
402 2500 196 2311.65
439 2500 210 2082.6
413 2500 199 1635.95
424 2500 216 2154.6
395 2500 227 1910.9
401 2500 214 2489.8
227 2500 129 2421.55
391 2500 177 2062.95
360 2500 201 2499.15
432 2500 218 1720.85
415 2500 194 2277.85
395 2500 205 2078.35
431 2500 230 1737.65
423 2500 211 2189.1
432 2500 214 2424.05
389 2500 211 1214.3
335 2500 180 2257.5
404 2500 206 1593.5
303 2500 163 2307.9
301 2500 170 2380.5
380 2500 230 1032.45
372 2500 192 1748.85
414 2500 202 2052.7
411 2500 206 2036.2
314 2500 155 1769.75
356 2500 207 1428.7
421 2500 207 2306.75
269 2500 143 2289.5
456 2500 229 1149.05
408 2500 203 2463.55
358 2500 182 1206.85
398 2500 179 1087.35
342 2500 170 2497.9
422 2500 229 1314.45
397 2500 188 2089.25
398 2500 170 2077.3
453 2500 241 1559.15
493 2500 233 2099.9
309 2500 183 2365.7
402 2500 207 2479.05
460 2500 260 1726.3
295 2500 159 2498.4
386 2500 177 2374.5
411 2500 203 1641.55
347 2500 162 2115.2
426 2500 212 1285.15
417 2500 203 1736.25
406 2500 220 2339.35
347 2500 203 2484.85
377 2500 200 2474.25
402 2500 222 1972
387 2500 193 1519.6
451 2500 218 2128.25
415 2500 259 1605.2
381 2500 190 1752.3
437 2500 259 1356.15
396 2500 261 1457.6
310 2500 169 2442.35
404 2500 219 1499
427 2500 221 1758
332 2500 201 2369.9
395 2500 205 1316.3
469 2500 219 2047.25
394 2500 205 1310.45
306 2500 174 2113.35
375 2500 180 2488.8
374 2500 187 2497.05
395 2500 197 2280.8
386 2500 204 2045.45
361 2500 191 1007.75
385 2500 228 1596.9
406 2500 187 2036.95
417 2500 218 1725.7
410 2500 209 1789.35
366 2500 191 2107.9
390 2500 191 2102.7
295 2500 144 2486
392 2500 168 2396.2
415 2500 202 1877.8
366 2500 200 2495
454 2500 218 1676.4
424 2500 206 2401.85
456 2500 257 2156.85
413 2500 199 2277.15
407 2500 209 2324.7
408 2500 177 1133.7
434 2500 215 846
371 2500 203 2490.85
357 2500 160 1632.6
466 2500 221 2091.8
388 2500 179 2336.35
293 2500 151 2491.05
445 2500 222 2020.75
404 2500 173 915.6
358 2500 205 2416.15
428 2500 221 1364.65
400 2500 186 1459.85
401 2500 203 1388.05
414 2500 201 1765.35
443 2500 228 2442.7
464 2500 230 1961.45
401 2500 195 1749.85
410 2500 193 1522.8
394 2500 197 1809.65
350 2500 190 2216.55
405 2500 172 1787.45
428 2500 216 2236.2
425 2500 200 1765.55
393 2500 193 2335.25
130 2500 73 2403.85
399 2500 195 2038.25
385 2500 187 2087.25
398 2500 198 1917.4
403 2500 181 2208.9
198 2500 128 2498.45
397 2500 216 2496.75
401 2500 223 970.05
376 2500 185 2416.3
457 2500 213 2186.7
425 2500 199 2341.8
360 2500 204 1900.8
473 2500 221 1650.55
367 2500 165 1835.95
377 2500 206 1442.2
413 2500 217 1099
419 2500 209 2292.2
407 2500 203 1729.7
394 2500 203 1423.4
347 2500 188 2012.9
410 2500 192 1620.95
427 2500 223 1572.55
434 2500 200 2306.95
440 2500 197 2211.75
462 2500 245 1817.05
429 2500 220 1856.85
434 2500 200 2213.8
388 2500 229 1578.35
447 2500 222 2438.3
358 2500 183 2462.8
386 2500 200 2458
423 2500 208 2414
294 2500 170 2447
376 2500 189 1741.8
469 2500 235 2100.7
406 2500 209 1964.5
194 2500 136 2499.15
404 2500 200 2403.1
374 2500 192 1994.9
455 2500 210 2172.85
342 2500 165 2045.45
460 2500 253 2235.7
406 2500 211 934.9
411 2500 199 1721.5
429 2500 207 1650.45
365 2500 209 1431.35
402 2500 195 2308.35
450 2500 223 2198.05
511 2500 248 2092.9
470 2500 212 2049.5
385 2500 214 1390.7
355 2500 184 2494.1
286 2500 140 2489.45
456 2500 205 2007.05
366 2500 178 2277.85
377 2500 188 1897.3
451 2500 227 1780.25
413 2500 230 1131.3
429 2500 229 2006.3
406 2500 196 2180.75
411 2500 240 1277.85
374 2500 198 1900.9
375 2500 179 2291.95
412 2500 202 1692.95
439 2500 231 872.2
441 2500 227 1461.75
345 2500 173 2470.45
394 2500 202 2402.65
326 2500 189 2498.95
294 2500 164 2464.35
373 2500 177 1920.5
409 2500 195 2406.15
367 2500 191 1875.8
401 2500 198 1129.5
350 2500 157 2209.8
349 2500 180 1825.9
358 2500 220 1162.95
369 2500 185 2030.8
398 2500 194 1640.55
394 2500 200 2339.3
357 2500 175 2479.95
394 2500 204 2447
362 2500 175 2016.45
459 2500 213 2101.85
421 2500 199 2377.65
404 2500 184 1615.45
410 2500 206 1166.85
421 2500 221 2498.1
422 2500 202 1056.85
451 2500 257 1671.7
412 2500 182 1577.25
448 2500 214 2170.9
378 2500 187 1737.3
434 2500 211 2113.85
438 2500 212 2435.55
396 2500 200 2445.95
414 2500 203 1604.35
377 2500 170 1910.95
408 2500 189 2320.55
360 2500 171 930.9
233 2500 128 2470
379 2500 189 1638.4
406 2500 187 2425.9
414 2500 206 2200.05
427 2500 238 2282.3
371 2500 205 2493.45
424 2500 200 1333.55
307 2500 156 1820.9
329 2500 173 2464.25
390 2500 218 1397.8
394 2500 209 1323.95
408 2500 215 2306.1
403 2500 201 1638.65
455 2500 207 1554.3
346 2500 180 1818.9
400 2500 201 2199.75
460 2500 240 1827.15
404 2500 203 1332.6
239 2500 125 2469.05
386 2500 192 1830.65
398 2500 199 1488.35
456 2500 222 1961.9
378 2500 194 1804.35
359 2500 170 1468.7
412 2500 193 2179.2
435 2500 206 2235.95
368 2500 225 2495.15
312 2500 152 2015
387 2500 200 2258.7
382 2500 188 2174.8
379 2500 192 1728.3
367 2500 187 1378.15
359 2500 190 2352.6
364 2500 181 1828.75
408 2500 207 1419.6
416 2500 217 2229.9
407 2500 182 2447.05
383 2500 188 1659.75
384 2500 240 1012.95
388 2500 191 1470.45
421 2500 199 2198.5
425 2500 236 1171.4
430 2500 220 1299.65
431 2500 230 1248.2
327 2500 162 1987.15
401 2500 174 2177.9
375 2500 182 2284.25
412 2500 198 1917.05
365 2500 190 2116.85
424 2500 217 1494.4
380 2500 201 2498.9
319 2500 163 2363.25
231 2500 114 2079.6
192 2500 92 1958.15
415 2500 198 1922.2
67 2500 39 2474.7
200 2500 102 2154.25
205 2500 109 2445.75
161 2500 101 2388.65
276 2500 131 2349.9
191 2500 101 2419.2
208 2500 117 2497.75
201 2500 125 2500
119 2500 94 2347.85
287 2500 138 2472.35
319 2500 153 2229
239 2500 145 2301.15
345 2500 175 2053.75
291 2500 163 1922.85
176 2500 88 1109.75
304 2500 162 1993.75
143 2500 81 2404.15
256 2500 149 2325.85
207 2500 103 2036.05
320 2500 149 1562.05
176 2500 83 2210.1
225 2500 144 1790.65
215 2500 113 2469.3
256 2500 157 2379.3
124 2500 56 1932.7
79 2500 65 2456.8
104 2500 56 2458.6
259 2500 122 2287.4
83 2500 70 2499.85
196 2500 98 2415.9
215 2500 106 1284.55
263 2500 131 2002.75
247 2500 135 2435.75
180 2500 92 1514.4
208 2500 112 2464.15
165 2500 95 1738.3
246 2500 147 1767.95
294 2500 148 1724.9
144 2500 101 2484.3
284 2500 131 1481
99 2500 46 1920.15
0 2500 7 5
352 2500 178 2267.6
295 2500 146 2478.45
292 2500 141 2473.45
276 2500 131 2326.5
43 2500 42 2499.4
134 2500 73 2337.4
245 2500 117 1540.3
304 2500 156 2045.25
266 2500 128 2206
222 2500 109 2164.95
307 2500 141 1748.4
257 2500 141 2436.3
188 2500 101 2106.95
300 2500 149 2245.5
176 2500 90 2084.7
319 2500 155 2439.25
260 2500 133 2330.9
179 2500 105 2433.2
265 2500 141 2421.45
381 2500 190 1855.85
325 2500 177 1744.9
206 2500 108 2475.95
296 2500 167 2389.05
238 2500 117 2342.7
310 2500 157 1117.95
206 2500 94 1802.3
226 2500 115 1994.2
310 2500 147 2363.7
328 2500 159 2209.7
334 2500 180 2357.75
212 2500 113 2429.75
71 2500 57 2494.7
194 2500 100 2181.75
233 2500 124 2066.65
285 2500 148 1723
522 2500 366 814.55
573 2500 324 895.35
