676 5000 736 120.4
658 5000 782 108.95
702 5000 734 123.5
644 5000 792 120.4
691 5000 724 126.95
679 5000 730 119.5
695 5000 724 128.1
672 5000 784 117.7
690 5000 735 112.8
665 5000 715 146.55
666 5000 733 130.2
670 5000 770 125.8
697 5000 728 107.15
703 5000 791 98.2
678 5000 752 103.35
674 5000 749 106.05
644 5000 728 165
684 5000 785 92.9
657 5000 739 130.75
664 5000 783 111.3
667 5000 742 157.35
650 5000 733 116.7
681 5000 737 138.8
646 5000 738 136.8
670 5000 733 123.25
680 5000 768 146.4
627 5000 772 128.95
694 5000 799 106.6
674 5000 723 126.15
675 5000 740 119.15
679 5000 749 115.55
673 5000 718 111.1
670 5000 740 175.9
677 5000 747 112.5
666 5000 728 126.85
652 5000 751 92
686 5000 774 107.55
671 5000 737 117.7
691 5000 751 134.75
657 5000 728 115.45
693 5000 772 105.55
649 5000 752 131.45
670 5000 715 163.1
698 5000 761 121.75
683 5000 719 155.8
656 5000 748 101.7
688 5000 765 140.05
658 5000 726 154.05
688 5000 674 129.5
661 5000 738 146.8
660 5000 777 108.9
693 5000 807 93.4
676 5000 751 121.85
662 5000 795 103.3
681 5000 737 115.7
664 5000 715 117.55
702 5000 748 139.2
655 5000 712 120.45
678 5000 777 126.2
664 5000 669 156.95
665 5000 779 109.8
675 5000 732 105.65
689 5000 759 100.3
673 5000 723 160.55
663 5000 737 111.8
658 5000 773 94.25
671 5000 739 107.7
663 5000 750 105.65
660 5000 710 155.85
686 5000 725 158.65
672 5000 727 137.35
670 5000 743 105.5
681 5000 692 166.1
662 5000 775 98.3
700 5000 757 98.35
669 5000 776 112.85
655 5000 772 126.9
703 5000 757 111
675 5000 761 120.1
662 5000 725 126.85
683 5000 713 136
676 5000 751 123.75
687 5000 712 111.55
691 5000 758 121.55
653 5000 683 178.05
675 5000 761 138.2
665 5000 769 114.45
691 5000 758 103.45
669 5000 767 97.85
647 5000 690 187.95
657 5000 765 106
670 5000 716 133.05
669 5000 777 125.4
652 5000 709 111.7
648 5000 729 141.6
679 5000 773 125.55
684 5000 774 129.7
677 5000 737 127.05
664 5000 735 118.2
657 5000 747 126.6
656 5000 731 112.9
680 5000 730 157
686 5000 732 138.7
677 5000 784 117.95
679 5000 774 129.45
710 5000 721 146.35
695 5000 738 124.85
664 5000 756 107.3
683 5000 703 133.05
686 5000 686 134.7
635 5000 663 145.1
678 5000 727 135.65
660 5000 736 126.5
645 5000 727 112.25
711 5000 753 116.55
672 5000 715 160.95
656 5000 750 118.45
648 5000 731 114.3
677 5000 747 116.6
683 5000 755 132.6
679 5000 734 130.6
667 5000 796 123.05
684 5000 777 136.45
635 5000 744 124.25
645 5000 727 103.75
662 5000 757 124.35
666 5000 743 96.5
703 5000 710 145.45
680 5000 741 126.55
687 5000 704 143.1
682 5000 752 140.65
679 5000 746 104.85
662 5000 757 177.15
668 5000 748 126.35
679 5000 705 162.75
678 5000 784 112.1
683 5000 777 119.7
689 5000 670 144.55
691 5000 717 96.1
707 5000 699 156.9
694 5000 808 107.6
685 5000 815 91.35
664 5000 743 119.45
697 5000 786 119.7
666 5000 700 136.6
686 5000 730 122.25
650 5000 707 118.4
679 5000 766 107.15
665 5000 771 112.55
671 5000 729 117.25
669 5000 757 94.2
684 5000 746 125.15
705 5000 722 133.8
694 5000 762 105.95
676 5000 733 79.55
663 5000 752 158.2
701 5000 724 103.85
670 5000 763 130.2
688 5000 753 110.55
710 5000 727 141.75
653 5000 751 148.45
664 5000 697 158.5
668 5000 741 115.5
658 5000 714 139.3
663 5000 729 142.4
674 5000 697 134.55
662 5000 791 100
665 5000 748 149.6
682 5000 754 127.2
664 5000 721 119.8
641 5000 704 142.45
668 5000 696 138.05
665 5000 710 153.3
677 5000 785 91.25
670 5000 703 131
662 5000 760 97.55
682 5000 727 140.4
651 5000 770 113.9
660 5000 702 165.5
681 5000 714 143.85
689 5000 777 122.25
677 5000 699 135.7
677 5000 741 127.3
694 5000 752 135.65
670 5000 787 118.05
647 5000 764 108.9
691 5000 706 143.5
673 5000 738 111.9
680 5000 740 114.15
683 5000 729 113.8
686 5000 746 126.6
670 5000 702 145.75
650 5000 735 119.1
669 5000 761 117.65
692 5000 742 112.9
686 5000 775 111.25
665 5000 724 122.1
664 5000 701 129.15
674 5000 688 142.6
705 5000 734 110.55
698 5000 732 122.6
691 5000 742 117.35
662 5000 757 113.6
663 5000 789 102.3
652 5000 733 104.25
685 5000 759 106.8
664 5000 708 133.75
665 5000 719 120.1
687 5000 762 116.95
657 5000 747 121.6
663 5000 722 138.25
645 5000 778 122.8
676 5000 710 118.7
654 5000 741 116.7
688 5000 739 142.35
684 5000 767 127.8
691 5000 768 108.95
642 5000 764 124.85
656 5000 759 118.6
678 5000 708 136.1
655 5000 746 124.05
685 5000 680 200.85
652 5000 754 131.9
651 5000 682 133.6
705 5000 773 111.7
660 5000 767 109.4
667 5000 783 90.7
667 5000 725 123.75
691 5000 668 148.9
679 5000 666 145.2
669 5000 772 109.9
677 5000 758 104.95
667 5000 736 136
665 5000 770 121.9
657 5000 780 100.4
664 5000 819 100.15
652 5000 739 114
671 5000 680 145.8
684 5000 741 112.65
668 5000 667 178.85
675 5000 783 110.25
710 5000 773 115.15
682 5000 790 112.8
659 5000 741 127.85
670 5000 769 95.75
662 5000 759 115.95
658 5000 767 114.6
631 5000 757 112.3
662 5000 757 101.85
676 5000 759 91.15
669 5000 674 147.35
657 5000 764 111.7
689 5000 742 100.95
669 5000 767 96.8
664 5000 776 95.9
649 5000 756 116.8
673 5000 799 96.45
640 5000 747 149.25
686 5000 683 171.65
673 5000 824 92.15
672 5000 744 117.7
700 5000 739 117.6
683 5000 777 118.25
654 5000 758 115.6
669 5000 739 133.65
697 5000 782 116.3
684 5000 718 99.05
661 5000 763 117.75
701 5000 742 121.3
661 5000 723 138.5
653 5000 751 116.3
642 5000 714 143.3
643 5000 720 116.55
670 5000 740 118.15
688 5000 756 120.15
672 5000 738 136
675 5000 749 118.2
672 5000 780 99
664 5000 740 104.85
719 5000 719 150.65
650 5000 681 143.15
675 5000 741 120.65
662 5000 697 155.55
683 5000 728 139.95
689 5000 711 119.85
721 5000 704 142.5
637 5000 692 107.75
653 5000 762 107
653 5000 780 95.2
678 5000 744 107.15
680 5000 759 153.2
660 5000 776 110.8
685 5000 742 122
677 5000 743 120.4
646 5000 713 113.25
678 5000 741 138.15
678 5000 787 111.5
669 5000 789 93.8
660 5000 759 126.95
675 5000 722 140.95
665 5000 721 155.15
657 5000 716 159.65
692 5000 754 137.65
675 5000 704 149
678 5000 756 112.15
649 5000 777 102.7
655 5000 780 108.7
687 5000 778 104.55
676 5000 716 133.7
665 5000 746 131.1
684 5000 669 135.5
690 5000 703 139.75
681 5000 733 161.8
669 5000 772 99.45
682 5000 754 109.5
662 5000 690 150.5
667 5000 733 121.9
697 5000 753 100.8
676 5000 679 151.7
657 5000 735 111.6
698 5000 693 163.85
666 5000 743 123.95
684 5000 734 139.1
701 5000 786 93.8
669 5000 651 199.9
669 5000 704 125.85
667 5000 723 122.3
651 5000 720 142.3
668 5000 741 122.5
659 5000 693 139.95
672 5000 754 138.75
653 5000 743 87
673 5000 722 126.65
694 5000 767 115.4
664 5000 743 141.6
667 5000 725 149.5
680 5000 707 154.95
664 5000 792 103.45
676 5000 755 112
699 5000 764 107.15
685 5000 692 146.35
653 5000 790 106.1
703 5000 740 124
660 5000 734 118.15
676 5000 751 125.1
697 5000 739 113.05
654 5000 767 119.3
681 5000 716 142.9
670 5000 741 114.5
670 5000 720 130
684 5000 684 174.35
687 5000 703 122.4
658 5000 747 107.5
690 5000 745 145
682 5000 731 136.9
667 5000 639 156.75
685 5000 728 108.25
682 5000 779 123.6
685 5000 732 112.55
682 5000 722 121.75
686 5000 747 108.2
697 5000 760 123.4
689 5000 698 135.6
655 5000 704 141.75
642 5000 669 133.1
695 5000 714 123.45
669 5000 729 135.65
668 5000 786 108.85
658 5000 728 136.85
659 5000 731 132.3
684 5000 794 94.8
673 5000 700 129.85
676 5000 742 139.45
650 5000 729 151.95
651 5000 729 131.25
684 5000 771 116.05
666 5000 770 110.65
678 5000 758 113.35
678 5000 740 131.45
656 5000 742 117.7
658 5000 682 141.95
667 5000 714 149.55
690 5000 670 120.15
675 5000 744 101.8
669 5000 748 156.05
671 5000 732 129.75
675 5000 790 99.45
658 5000 735 111.7
674 5000 720 122.5
682 5000 709 122.35
662 5000 742 112.25
672 5000 742 165.65
658 5000 766 114.1
673 5000 735 144.95
675 5000 754 117.2
655 5000 704 172.5
664 5000 719 133.2
678 5000 760 112.5
674 5000 727 115.8
686 5000 785 117.8
662 5000 735 123.9
662 5000 716 136.45
664 5000 695 123.55
675 5000 731 105.65
677 5000 748 117.45
676 5000 720 116.5
659 5000 779 102.7
681 5000 707 144.55
671 5000 711 88.2
660 5000 680 170.5
690 5000 738 124.65
655 5000 758 116.2
680 5000 761 107.65
689 5000 776 98.6
684 5000 759 89
670 5000 745 110.85
681 5000 743 139
686 5000 752 123.95
662 5000 789 100.75
689 5000 735 124.15
666 5000 725 115.45
677 5000 708 146.05
693 5000 769 125.6
653 5000 770 96.75
679 5000 768 134.8
681 5000 740 126.65
696 5000 744 133.65
659 5000 724 126.75
666 5000 762 117.8
674 5000 768 103.3
660 5000 736 104.75
677 5000 728 107.6
681 5000 694 132.85
665 5000 772 113.3
687 5000 731 157.5
670 5000 756 151.9
684 5000 730 108.35
670 5000 744 133.55
682 5000 758 103.8
656 5000 745 113.6
646 5000 738 113.25
676 5000 757 112.5
678 5000 731 132.85
662 5000 813 93.35
657 5000 725 162.7
675 5000 702 144.1
659 5000 646 177.35
675 5000 754 119.25
642 5000 716 137.9
676 5000 732 105.3
681 5000 766 117.85
678 5000 754 133.95
684 5000 701 126.5
676 5000 715 142.9
677 5000 718 140.85
690 5000 761 97.45
673 5000 743 109.1
672 5000 798 95.35
698 5000 722 130.1
685 5000 720 129.6
683 5000 742 136.2
665 5000 699 153.05
676 5000 745 110.55
674 5000 764 133.25
688 5000 759 126.95
679 5000 752 133.15
680 5000 762 141.25
648 5000 724 131.35
674 5000 714 112.35
666 5000 739 157.35
662 5000 783 121.65
680 5000 720 128.65
688 5000 739 128.95
673 5000 687 142.55
687 5000 730 120.25
669 5000 687 151.9
677 5000 762 133.1
636 5000 708 155
665 5000 730 113.95
692 5000 740 113.85
666 5000 776 108.7
673 5000 682 149.3
667 5000 744 125.05
695 5000 739 114.8
684 5000 763 102
671 5000 665 160.45
687 5000 768 119.3
679 5000 700 120
691 5000 738 131.25
684 5000 685 141.9
698 5000 764 125.8
676 5000 686 177.35
697 5000 715 131.95
675 5000 753 116.45
685 5000 753 126.25
686 5000 692 163.45
681 5000 769 122
635 5000 719 160
662 5000 808 94.15
671 5000 717 124.75
628 5000 536 367.8
610 5000 433 461.55
622 5000 433 394.95
608 5000 428 486.1
606 5000 401 646.75
586 5000 476 378
637 5000 452 383.7
635 5000 468 445.4
639 5000 432 540.8
588 5000 484 363.1
612 5000 463 394
653 5000 390 385.55
609 5000 443 410.95
569 5000 491 407.85
590 5000 420 499.3
588 5000 406 487.35
603 5000 429 430.2
614 5000 448 562.7
612 5000 476 390.85
623 5000 416 412.9
616 5000 476 409.15
612 5000 445 646.15
648 5000 421 502.4
621 5000 440 262.5
613 5000 452 285.1
593 5000 455 325.75
603 5000 433 346.05
596 5000 475 380.55
622 5000 444 747
620 5000 432 360.8
636 5000 397 670.2
602 5000 480 337.55
603 5000 454 434.95
618 5000 482 450.85
609 5000 431 441.35
619 5000 414 701
596 5000 412 328.95
601 5000 472 304.7
608 5000 455 420.8
622 5000 506 359.7
640 5000 434 345.55
592 5000 449 340.9
599 5000 428 472.3
588 5000 386 583.6
604 5000 488 296.35
611 5000 471 378.1
570 5000 427 478.6
625 5000 474 384.35
619 5000 440 479.85
640 5000 505 300.9
648 5000 500 407.85
615 5000 443 365.8
611 5000 465 294.2
667 5000 465 322.2
600 5000 470 489.1
617 5000 540 338.05
586 5000 443 478
598 5000 476 423.95
637 5000 415 323.1
609 5000 503 349.05
592 5000 397 647.65
593 5000 476 287
609 5000 442 422.9
602 5000 487 315.5
623 5000 433 302.25
636 5000 487 223.7
635 5000 423 487.75
610 5000 446 402.75
639 5000 444 302.35
608 5000 518 366.45
602 5000 505 329.85
604 5000 484 447.05
617 5000 414 511.6
594 5000 428 321.1
604 5000 433 344.6
618 5000 503 301
606 5000 472 368.1
596 5000 448 444.4
623 5000 421 435.85
600 5000 458 400.35
649 5000 393 378.3
624 5000 487 444.2
623 5000 369 613.75
581 5000 479 447.8
628 5000 441 537.5
599 5000 381 766.9
602 5000 487 428.9
661 5000 470 495.15
566 5000 485 530.9
603 5000 512 352.8
602 5000 442 354.1
593 5000 504 396.2
608 5000 442 468.6
596 5000 389 484.25
593 5000 485 604.1
598 5000 422 481.15
610 5000 529 331.95
636 5000 462 372.3
621 5000 492 328.85
588 5000 414 471.55
624 5000 396 502.2
601 5000 477 360.8
590 5000 431 479.3
578 5000 417 503.1
585 5000 411 619.45
613 5000 490 307.5
598 5000 438 324.05
638 5000 470 380.15
629 5000 485 309.35
600 5000 458 331.85
583 5000 406 425.8
606 5000 485 339
596 5000 443 474.95
618 5000 483 337.85
594 5000 422 477.05
630 5000 461 269.85
610 5000 437 426.95
644 5000 443 340.55
604 5000 459 507.55
580 5000 457 373.45
625 5000 462 442.3
620 5000 517 294.15
618 5000 385 612.2
598 5000 416 440.25
614 5000 489 332.55
622 5000 474 285.4
618 5000 408 544.15
633 5000 414 436.35
641 5000 457 340.9
624 5000 498 437.9
605 5000 419 542.35
611 5000 389 611.75
625 5000 479 400.45
603 5000 519 320.85
637 5000 439 503.8
608 5000 504 293.5
620 5000 408 515.4
605 5000 455 405.45
622 5000 412 505.5
614 5000 448 488.85
607 5000 471 382.95
630 5000 463 420.45
587 5000 501 338.35
601 5000 483 372.75
628 5000 479 389.65
614 5000 452 324.8
603 5000 495 391.35
627 5000 439 420.95
603 5000 505 344.35
609 5000 521 317.75
618 5000 464 459.15
576 5000 424 398
612 5000 429 452.45
613 5000 451 431.25
618 5000 463 454.2
618 5000 398 409.45
608 5000 424 393.6
631 5000 455 386.95
619 5000 413 447
602 5000 488 357.8
590 5000 427 273.05
604 5000 456 306.75
598 5000 428 467.8
604 5000 483 378.7
664 5000 413 599.7
642 5000 434 449.65
620 5000 522 347.45
623 5000 433 557.45
619 5000 499 437.25
624 5000 508 305.25
609 5000 463 420
597 5000 497 347.6
633 5000 513 289.6
605 5000 404 592.85
607 5000 517 407.6
587 5000 411 436.75
653 5000 415 346.45
639 5000 404 558.55
610 5000 486 410.75
583 5000 424 394.5
634 5000 490 294.45
642 5000 540 312.9
620 5000 433 380.35
579 5000 444 261.7
617 5000 443 391.35
597 5000 474 309.3
628 5000 489 403.6
628 5000 429 366.9
616 5000 389 529.8
619 5000 542 239.1
628 5000 516 223.85
636 5000 456 396.15
629 5000 439 563.75
619 5000 462 354.6
640 5000 474 388.8
610 5000 408 412.35
623 5000 478 338.4
609 5000 445 470.25
598 5000 546 319.65
599 5000 422 485.75
602 5000 492 401.5
626 5000 446 399.8
631 5000 437 385.3
629 5000 449 352.5
639 5000 408 532.55
621 5000 420 450.7
628 5000 503 356
626 5000 440 497.5
637 5000 460 210.05
578 5000 476 361.9
610 5000 438 401.9
625 5000 419 587.05
608 5000 412 522
618 5000 485 406.4
597 5000 464 380.75
588 5000 472 365.3
623 5000 434 551.55
631 5000 457 477.6
623 5000 526 352.25
618 5000 355 450.05
618 5000 473 279.05
586 5000 403 483
623 5000 460 353.55
611 5000 438 414.35
605 5000 488 406.5
618 5000 412 469.4
604 5000 387 396.7
587 5000 418 474.7
599 5000 399 380.3
582 5000 465 302.35
593 5000 543 339.3
649 5000 516 274.1
621 5000 444 497.75
603 5000 483 301.05
626 5000 476 434.05
610 5000 434 503.3
582 5000 410 347.9
606 5000 463 302.9
596 5000 531 322.5
629 5000 455 590.1
653 5000 441 312.2
594 5000 423 520.2
605 5000 516 270.55
614 5000 487 322.1
627 5000 383 495.35
619 5000 445 536
611 5000 409 441.8
613 5000 461 358.35
633 5000 399 563.15
605 5000 486 377.05
598 5000 475 376.1
629 5000 458 389.65
621 5000 396 449.8
639 5000 482 350.3
640 5000 414 618.2
631 5000 438 560.2
601 5000 415 388.85
626 5000 447 349.45
616 5000 428 334.4
626 5000 454 269.6
608 5000 454 494.05
627 5000 488 371.3
592 5000 442 403.75
604 5000 487 312.65
607 5000 519 247.05
607 5000 473 387.45
610 5000 520 299.35
625 5000 432 494.85
598 5000 430 447.1
641 5000 464 474.4
620 5000 469 362.15
619 5000 459 333.65
605 5000 503 440.25
632 5000 456 384.55
632 5000 454 441.2
633 5000 423 399.75
633 5000 476 384.85
596 5000 425 464
599 5000 437 561.05
620 5000 435 408.05
628 5000 427 427.05
610 5000 458 439.8
639 5000 495 317.7
633 5000 450 360.6
616 5000 420 562.35
588 5000 480 831.6
615 5000 439 501.55
620 5000 476 442.4
620 5000 494 363.3
632 5000 467 381.65
577 5000 464 347.75
610 5000 436 331.8
635 5000 418 715.05
611 5000 452 370.2
603 5000 482 356.05
629 5000 427 398.35
619 5000 407 325.4
620 5000 500 358.85
586 5000 459 518.4
583 5000 430 494.15
614 5000 469 297.65
640 5000 415 607.9
582 5000 494 525.2
595 5000 471 379.75
630 5000 465 382.85
586 5000 393 416.95
624 5000 490 343.25
613 5000 467 378.45
614 5000 498 308.05
584 5000 421 411.95
624 5000 483 437.15
605 5000 499 333.6
612 5000 432 519.9
591 5000 495 325.85
596 5000 438 483.6
620 5000 502 329.45
618 5000 422 626.95
613 5000 516 242.05
614 5000 429 640.15
584 5000 535 336.9
598 5000 482 341.1
633 5000 419 634.7
601 5000 418 529.8
631 5000 511 251.9
599 5000 498 334.85
648 5000 402 382.9
631 5000 434 544.1
643 5000 355 380
600 5000 445 413.1
623 5000 421 417.65
632 5000 392 684.3
621 5000 507 359.05
607 5000 445 483.35
618 5000 486 320.45
636 5000 462 382.75
665 5000 403 487.05
650 5000 406 352.8
626 5000 417 523.05
633 5000 489 495.35
649 5000 509 324.3
618 5000 448 365.6
603 5000 459 411
616 5000 515 305.5
625 5000 472 486.9
610 5000 388 322.8
606 5000 410 392.2
624 5000 471 361.75
621 5000 421 410.65
623 5000 399 536.2
570 5000 522 307.35
601 5000 523 279.5
642 5000 426 501.35
616 5000 454 361.2
627 5000 482 273.5
605 5000 526 221.7
619 5000 401 454.5
648 5000 458 522.65
645 5000 458 464.75
601 5000 464 482.15
621 5000 467 516.65
607 5000 501 518.8
603 5000 415 416.2
601 5000 475 367
604 5000 488 325.25
597 5000 500 373.35
614 5000 398 497.8
647 5000 475 356
602 5000 438 346.55
619 5000 502 327.45
603 5000 508 330.15
617 5000 423 349.6
615 5000 496 324.5
599 5000 412 592.65
614 5000 396 627.8
572 5000 448 409.05
611 5000 451 515.05
593 5000 458 444.15
625 5000 454 334.95
609 5000 433 388.8
615 5000 432 331.8
619 5000 496 381.4
620 5000 495 316.85
627 5000 439 532.75
608 5000 407 466.8
634 5000 459 526.1
627 5000 464 307.65
587 5000 513 394.1
610 5000 516 466.55
613 5000 532 364.8
603 5000 499 452.15
614 5000 433 406.8
588 5000 549 366.5
623 5000 429 469.4
595 5000 415 517.1
598 5000 392 448.7
610 5000 402 455.9
647 5000 423 467.75
641 5000 439 412.35
611 5000 425 349.35
611 5000 404 422.3
620 5000 504 251
614 5000 458 309.15
620 5000 416 763.9
593 5000 464 459.65
625 5000 469 418.7
616 5000 472 343.95
607 5000 437 489.6
623 5000 407 513.9
623 5000 468 508.35
590 5000 512 306.3
624 5000 452 347.3
627 5000 479 436.3
639 5000 370 654.05
617 5000 497 376.25
614 5000 449 400.05
634 5000 463 421.85
590 5000 489 335.2
634 5000 496 379.55
613 5000 501 375.85
607 5000 451 401.85
598 5000 505 297.05
611 5000 492 281.45
626 5000 433 601.55
601 5000 475 433.8
608 5000 529 362.05
631 5000 493 381.2
563 5000 463 301.3
604 5000 362 612.8
602 5000 455 298.05
640 5000 456 383.8
619 5000 470 403
627 5000 482 270.55
628 5000 504 346.25
608 5000 477 386.1
631 5000 428 536.9
623 5000 429 456.85
601 5000 471 386.85
583 5000 482 332.5
595 5000 445 488.6
617 5000 466 442.35
606 5000 435 678.7
623 5000 484 396.7
585 5000 409 553.35
611 5000 440 425.4
615 5000 493 339.3
632 5000 420 472.75
632 5000 485 473.3
578 5000 513 302.8
603 5000 459 423
604 5000 465 422.8
630 5000 446 516.15
613 5000 381 709.5
616 5000 445 340.15
602 5000 484 327.25
636 5000 453 295.35
580 5000 476 530.1
624 5000 512 305.45
598 5000 399 371.5
601 5000 418 561.25
615 5000 489 329.7
589 5000 513 366.1
656 5000 478 458.5
633 5000 496 381.4
606 5000 497 560.85
607 5000 525 354.5
608 5000 486 356
616 5000 486 450.25
589 5000 489 374.7
637 5000 430 439.25
599 5000 439 359.8
577 5000 456 425.6
650 5000 448 464.9
628 5000 482 492.2
604 5000 420 500.7
628 5000 499 341.6
595 5000 471 411.3
615 5000 441 521.5
633 5000 538 307.25
607 5000 504 396
643 5000 443 344.7
648 5000 431 348.25
621 5000 399 449.75
635 5000 443 468.85
624 5000 411 363.4
607 5000 466 452.45
632 5000 424 445.55
592 5000 480 298.8
621 5000 435 448
618 5000 462 337.7
602 5000 499 364.9
596 5000 437 476.8
570 5000 424 552.95
619 5000 470 392.4
651 5000 484 301.45
601 5000 410 529.55
635 5000 463 440.4
590 5000 515 285.3
606 5000 493 286.65
597 5000 502 367.05
587 5000 447 409.45
541 5000 252 754.4
527 5000 330 695.55
465 5000 274 854.6
560 5000 270 3939.9
527 5000 304 915.2
497 5000 312 1074.8
507 5000 272 2282.45
525 5000 312 985.25
502 5000 308 850.7
479 5000 278 1894.05
513 5000 311 982.8
549 5000 276 4722.15
555 5000 295 919.8
526 5000 293 795.1
511 5000 291 1095.75
512 5000 272 1282.15
544 5000 328 722.1
534 5000 278 1860
501 5000 293 1400.15
516 5000 311 1304.1
523 5000 315 794.25
513 5000 306 770.7
561 5000 315 863.45
532 5000 282 1190.4
553 5000 289 789.2
559 5000 329 586.45
552 5000 335 667.4
538 5000 271 801.8
558 5000 304 1198.6
544 5000 306 732.2
560 5000 278 1233
487 5000 282 2398.4
544 5000 286 1312.3
472 5000 276 627.15
544 5000 316 439.7
514 5000 292 807.6
529 5000 277 2470
567 5000 304 857.3
520 5000 276 1532.9
512 5000 276 1892.85
495 5000 309 793.75
506 5000 336 537.6
526 5000 266 3001
509 5000 298 1008.7
546 5000 266 1163.1
512 5000 316 657.05
545 5000 308 1091.65
511 5000 286 772.75
541 5000 285 599.3
505 5000 302 1132.5
507 5000 259 1916.8
537 5000 281 1208.65
475 5000 282 1042.25
504 5000 278 3685.35
491 5000 286 1178.55
553 5000 271 703.2
548 5000 279 2974.05
551 5000 262 2514.8
497 5000 319 1208.75
526 5000 282 1243.5
502 5000 275 1687.85
531 5000 306 731.45
514 5000 292 939.6
544 5000 308 753.45
529 5000 258 1472
560 5000 319 1062.1
518 5000 254 1360
526 5000 319 972.9
550 5000 327 723.85
500 5000 325 987.75
543 5000 295 631.15
539 5000 307 899.95
534 5000 280 829.35
540 5000 353 862.6
530 5000 300 824.6
520 5000 281 1254.7
506 5000 287 1105.1
554 5000 293 552.05
527 5000 273 708.9
508 5000 271 1432.45
511 5000 339 654.75
546 5000 292 480.2
499 5000 321 1221.7
554 5000 266 925
464 5000 303 1187.65
545 5000 283 1730.95
497 5000 278 1096.15
565 5000 289 813.5
512 5000 304 947.25
502 5000 271 793.95
527 5000 284 1296.9
533 5000 288 936.2
542 5000 289 1108.25
563 5000 342 584.1
487 5000 299 831
567 5000 314 962.3
554 5000 272 1067.85
534 5000 331 816.65
514 5000 311 854.3
513 5000 311 556.55
511 5000 272 782.1
529 5000 292 762.75
496 5000 310 847.8
560 5000 260 4288.45
493 5000 274 5000
548 5000 310 646.5
555 5000 266 4697.9
535 5000 267 4904.9
524 5000 300 1124.05
533 5000 305 1023.9
497 5000 340 729.85
528 5000 285 1107.2
525 5000 316 786.3
531 5000 295 586.75
541 5000 269 1463.55
489 5000 297 735.2
501 5000 266 1133.65
561 5000 269 710.15
523 5000 291 578.4
473 5000 351 700
526 5000 299 778.95
518 5000 367 702.8
536 5000 269 824.7
523 5000 303 684.85
535 5000 269 1299.75
503 5000 287 1374.55
551 5000 326 584.15
490 5000 269 1218.5
533 5000 285 1386.15
548 5000 285 4146.2
531 5000 298 800.85
484 5000 267 870.45
543 5000 280 1249.55
520 5000 293 880.4
558 5000 313 720.6
518 5000 271 1472.1
555 5000 307 1026.75
521 5000 280 605.85
494 5000 273 1502.45
521 5000 315 750.45
539 5000 316 657.6
555 5000 299 783.6
555 5000 308 635.75
524 5000 295 558.7
523 5000 266 887.25
559 5000 321 565.2
526 5000 329 1383.4
515 5000 267 1346.2
512 5000 269 619.6
550 5000 344 751.85
499 5000 295 1341.2
530 5000 288 1016
536 5000 294 1144.35
510 5000 334 1009.95
536 5000 264 4414.1
514 5000 269 1272.65
526 5000 259 1826.1
478 5000 326 716.05
495 5000 283 1827.55
505 5000 315 912.95
526 5000 286 1920.8
471 5000 286 1160.8
547 5000 313 921.25
549 5000 281 1414.65
544 5000 296 837.9
517 5000 327 946.85
552 5000 298 1277.15
516 5000 302 671.4
542 5000 314 1450
509 5000 294 959.6
498 5000 276 1561.3
480 5000 282 667.05
563 5000 308 825.85
538 5000 289 1160.5
533 5000 310 884.4
544 5000 336 848.3
510 5000 267 551.25
539 5000 282 1567.15
536 5000 309 857.4
570 5000 310 1009.15
463 5000 312 948.95
534 5000 267 2726.7
524 5000 304 661.6
515 5000 273 3563.35
520 5000 316 1512.15
498 5000 273 1615.1
560 5000 290 4214.85
528 5000 301 835.35
536 5000 303 816.45
550 5000 322 790.1
578 5000 328 998.15
501 5000 311 1242.4
472 5000 299 488.35
522 5000 293 1389.05
552 5000 277 708.2
517 5000 336 495.75
503 5000 322 734.2
523 5000 289 949.9
556 5000 301 745.55
520 5000 303 1268.15
504 5000 311 801.05
524 5000 335 567
501 5000 287 727.6
565 5000 272 4744.6
537 5000 265 815.3
490 5000 290 1229.85
526 5000 324 677.55
560 5000 278 2497
494 5000 310 969.45
470 5000 281 728.9
525 5000 279 1471.85
525 5000 287 613
556 5000 295 867.1
475 5000 256 1459.35
493 5000 318 900.75
503 5000 287 983.7
558 5000 317 624.5
508 5000 289 801.3
479 5000 312 870.65
575 5000 284 707
495 5000 259 1348.2
533 5000 270 581.45
551 5000 318 949.3
488 5000 286 1498.25
519 5000 339 735.25
515 5000 289 1383.25
534 5000 253 4450.6
508 5000 296 941.75
536 5000 264 1171.3
569 5000 323 802.1
552 5000 347 782
589 5000 297 837.9
527 5000 291 1565.25
527 5000 348 555.9
486 5000 301 1567.8
570 5000 264 4541.55
512 5000 291 666.25
522 5000 282 2315.8
485 5000 288 865.2
488 5000 281 1314.25
478 5000 324 1324.7
516 5000 264 3843.8
524 5000 268 1566.9
519 5000 257 1194.5
544 5000 281 1676.85
524 5000 325 788
539 5000 284 596.6
533 5000 339 844.4
513 5000 290 1375.55
532 5000 275 967.5
527 5000 298 1525.6
497 5000 315 861
550 5000 269 1297.25
526 5000 286 1448.45
535 5000 302 919.3
542 5000 280 1303.15
499 5000 288 990.9
519 5000 286 1163.05
513 5000 284 436.9
517 5000 261 1824.05
497 5000 288 839.65
525 5000 319 619.65
489 5000 297 566.15
552 5000 266 1669.35
509 5000 306 1838.85
537 5000 307 863.15
546 5000 280 1488.55
532 5000 294 913.25
515 5000 291 639.1
513 5000 272 1022.6
560 5000 294 1106.15
541 5000 259 2928.65
534 5000 282 492.5
542 5000 299 2990.6
513 5000 332 964.9
536 5000 295 873.9
529 5000 277 4208.35
532 5000 315 1331.25
506 5000 266 3856.95
564 5000 303 805.45
488 5000 330 884.5
549 5000 259 482.85
548 5000 277 771.05
519 5000 314 804.85
590 5000 346 777.85
541 5000 262 824.1
512 5000 300 1150.7
533 5000 354 941.3
575 5000 270 4505.4
550 5000 263 1632.55
548 5000 304 1194.7
523 5000 297 1208.45
539 5000 309 722.8
537 5000 335 808.7
542 5000 298 1456.45
515 5000 284 1055.8
511 5000 288 961.1
576 5000 284 1301.1
516 5000 303 1210.25
536 5000 293 1215.15
533 5000 294 1412.5
518 5000 286 851.75
568 5000 277 974
518 5000 303 931.65
517 5000 284 919.25
463 5000 286 609.4
526 5000 273 1319.8
512 5000 281 1085.35
514 5000 280 587.15
536 5000 274 1546.15
538 5000 302 1034.45
501 5000 323 527.45
493 5000 259 3634.25
526 5000 269 1252.35
568 5000 307 804.7
499 5000 323 913.3
536 5000 300 964.7
513 5000 282 518.8
532 5000 338 722.8
503 5000 279 844.2
542 5000 252 989.3
510 5000 283 715.3
542 5000 265 1850
498 5000 286 1152.5
550 5000 301 862
547 5000 315 1098.3
511 5000 317 726.75
523 5000 301 1062.8
529 5000 309 1144.35
548 5000 270 696.65
478 5000 356 589.3
539 5000 309 1027.8
547 5000 310 1275.95
522 5000 310 447.8
497 5000 296 936.2
527 5000 262 2819.55
522 5000 301 537.85
510 5000 302 799.05
451 5000 284 1244.75
523 5000 282 1347.4
486 5000 301 1011.25
496 5000 280 771.9
536 5000 311 835.8
491 5000 330 1114.25
551 5000 303 1043.25
483 5000 319 791.95
548 5000 284 913.2
492 5000 290 410.75
538 5000 341 1058.05
526 5000 271 1512.3
521 5000 318 777.9
531 5000 320 1090.4
540 5000 272 779.15
528 5000 299 680.6
555 5000 308 727.65
557 5000 320 700.75
544 5000 330 686.9
504 5000 280 623.6
547 5000 286 812.75
541 5000 286 983.3
544 5000 289 812.65
509 5000 281 1069.9
534 5000 289 917.25
528 5000 258 1032.1
556 5000 308 920.05
483 5000 308 1260
540 5000 304 888.85
524 5000 283 1877.15
539 5000 304 877.15
457 5000 277 2410.45
528 5000 297 807.05
541 5000 301 647.55
529 5000 279 1165.95
520 5000 294 609.35
545 5000 275 4564
503 5000 310 1042.85
504 5000 287 984.4
509 5000 273 1488.65
555 5000 284 1372.4
491 5000 279 845.95
544 5000 290 1492.25
514 5000 271 3759.5
527 5000 267 971.45
549 5000 330 470.3
539 5000 297 1009.55
539 5000 305 1305.5
537 5000 315 615.05
528 5000 311 551.45
549 5000 257 1457.2
503 5000 309 506.7
539 5000 311 846.5
553 5000 264 858.7
524 5000 295 1098.1
552 5000 331 766.7
531 5000 288 1122.25
529 5000 277 1155.9
544 5000 339 1138.45
521 5000 262 2766.55
495 5000 322 637.4
499 5000 313 554.05
505 5000 262 2152
499 5000 347 708
578 5000 322 738.35
490 5000 276 944
553 5000 266 4202.55
521 5000 330 779.35
466 5000 304 930.9
532 5000 285 2898.05
528 5000 292 1042.15
544 5000 282 1458.1
543 5000 275 3379.6
516 5000 309 983.9
547 5000 274 1217.35
475 5000 296 913.25
542 5000 334 595.75
494 5000 295 999.75
516 5000 288 700.35
472 5000 318 836.95
535 5000 276 722.75
503 5000 316 834.3
519 5000 286 636.25
506 5000 305 1067.6
536 5000 290 1403.5
514 5000 278 2776.95
536 5000 325 927.9
512 5000 303 902.8
527 5000 322 672.05
560 5000 304 489.2
512 5000 361 710.65
531 5000 263 1624.7
525 5000 284 891.6
549 5000 283 1133.4
486 5000 348 646.35
557 5000 276 1215.3
536 5000 287 850.45
537 5000 304 921.7
539 5000 295 941.05
513 5000 297 410.25
566 5000 300 524.8
530 5000 269 1424.9
519 5000 291 813.55
537 5000 293 893.2
497 5000 287 893.6
513 5000 284 965.85
496 5000 268 2305.05
516 5000 289 714
521 5000 312 1069.2
495 5000 290 998.45
534 5000 286 987.1
583 5000 272 1628.95
555 5000 305 746.45
556 5000 284 919.7
547 5000 269 699.25
483 5000 260 1783.65
542 5000 263 1217.55
542 5000 322 908.15
490 5000 273 903.65
551 5000 290 1196.9
483 5000 328 854.85
566 5000 283 823.35
544 5000 297 769.05
544 5000 272 2398.75
509 5000 289 769.15
528 5000 302 1199.45
539 5000 279 832
578 5000 274 935.4
526 5000 304 969.6
537 5000 281 1168.85
542 5000 344 899.25
512 5000 320 579.5
535 5000 308 586.85
537 5000 257 4293.3
542 5000 263 4388.6
531 5000 270 845.2
567 5000 321 908.3
562 5000 321 960.2
534 5000 318 935.95
498 5000 280 1022.1
528 5000 304 808.5
525 5000 298 1128
540 5000 357 501.5
533 5000 274 1145
491 5000 296 906.6
522 5000 301 1133.5
566 5000 316 1024.95
486 5000 291 481.65
543 5000 270 2583.1
502 5000 264 809.3
547 5000 268 4966.5
536 5000 295 727.5
505 5000 285 981.9
552 5000 313 611.3
511 5000 271 948.45
465 5000 295 550.4
541 5000 332 920.65
515 5000 265 2275.95
565 5000 303 997.95
503 5000 312 791
557 5000 314 819.05
499 5000 271 2575.1
392 5000 184 4619.2
392 5000 222 2575.2
397 5000 183 4989.95
395 5000 206 4421.7
423 5000 213 4763.1
417 5000 217 4173.8
418 5000 210 1989.6
411 5000 208 2458.3
383 5000 197 2547
436 5000 201 3675.35
387 5000 210 3142.7
370 5000 181 4877.45
399 5000 194 3832.1
394 5000 208 1506.1
429 5000 213 4072.3
343 5000 205 1542.15
384 5000 212 2705.95
373 5000 211 4567.95
416 5000 218 2249.7
366 5000 196 1860.95
374 5000 202 4713.05
346 5000 227 3034.7
417 5000 207 4903.55
403 5000 200 2387.5
446 5000 205 4230.95
342 5000 190 3887.35
374 5000 179 3683.85
470 5000 222 4622.2
418 5000 238 4035.75
354 5000 183 2402.3
340 5000 219 2442.35
297 5000 186 3858.15
365 5000 185 3512.1
385 5000 209 1555.05
360 5000 188 2819.75
432 5000 219 4011.95
447 5000 230 4613.45
404 5000 196 4630.3
333 5000 206 2763.95
377 5000 264 1977.7
400 5000 217 3588.85
395 5000 209 4994.8
439 5000 235 4093
382 5000 207 3459.85
352 5000 223 2840.95
411 5000 198 4572.9
412 5000 228 2973.35
428 5000 205 4778.1
347 5000 184 2444.8
375 5000 184 3423.95
446 5000 213 4432.75
383 5000 192 4680.5
328 5000 185 3727.2
341 5000 211 2079.05
346 5000 196 2377.65
433 5000 204 4939.45
383 5000 199 2980.6
400 5000 206 2110.25
443 5000 226 4600.15
351 5000 244 1243.45
360 5000 170 2709.2
366 5000 170 4913.2
306 5000 186 2341.05
376 5000 206 3951.35
436 5000 223 4086.45
378 5000 192 2758.7
393 5000 185 4850.05
402 5000 196 3236.35
395 5000 198 4311.1
344 5000 220 3755.3
349 5000 167 4988.05
368 5000 186 3965.25
416 5000 191 4695.1
371 5000 208 3157.65
342 5000 233 3117.25
304 5000 181 1795.8
441 5000 204 4765.2
387 5000 182 2745.3
368 5000 201 3068.25
367 5000 223 3330.2
428 5000 206 4453.2
375 5000 201 1972.05
402 5000 215 3893.65
291 5000 170 1526.6
394 5000 212 4562.45
346 5000 188 1893.35
455 5000 234 4749.1
472 5000 204 3825.65
379 5000 216 3265.1
401 5000 199 3859.25
352 5000 235 1699.7
402 5000 188 2095.5
411 5000 212 4942.4
431 5000 219 1948.9
375 5000 205 2523.25
324 5000 216 3001
379 5000 169 4313.5
414 5000 196 1345.7
349 5000 167 4006.35
414 5000 218 3365.1
379 5000 205 2644.2
414 5000 237 3182.75
378 5000 232 3933.95
391 5000 219 2807.2
425 5000 230 4157.35
269 5000 187 2811.45
382 5000 212 2565.85
397 5000 205 4423.95
375 5000 231 2987.8
404 5000 216 2389.45
342 5000 176 3087.4
306 5000 188 1442.05
426 5000 198 4813.6
442 5000 221 4475.35
363 5000 183 3196.25
395 5000 230 2495.25
279 5000 188 3119.8
412 5000 196 4666.65
368 5000 178 1834.2
383 5000 222 2931.3
326 5000 204 1828.15
423 5000 203 3221.7
373 5000 217 3132.85
387 5000 198 2873.3
359 5000 197 1306.25
360 5000 198 2196.45
370 5000 208 3298.45
439 5000 206 4888.15
367 5000 211 2446.3
349 5000 207 2518
386 5000 218 2743.1
439 5000 233 4751.05
389 5000 180 2058.5
364 5000 213 1997.35
390 5000 191 4909.9
387 5000 183 4324.4
400 5000 229 1561.65
387 5000 198 2905.4
413 5000 239 2637.8
380 5000 172 3941.6
296 5000 158 4997.2
380 5000 192 2266.3
484 5000 220 4571.2
328 5000 207 2779.7
379 5000 195 4420.65
393 5000 208 4126.95
426 5000 221 4565.5
358 5000 167 4378
351 5000 203 2712.8
348 5000 222 3113.8
396 5000 212 3988.4
412 5000 189 4469.35
387 5000 204 4016.15
441 5000 211 4589.95
454 5000 209 4578.45
373 5000 194 3969.8
329 5000 167 3335.95
431 5000 229 3164.5
429 5000 195 4617.35
408 5000 205 3423.3
377 5000 201 1718.9
424 5000 213 4279.35
397 5000 213 2540
394 5000 192 3467.2
403 5000 208 3085.15
386 5000 207 3786.1
368 5000 211 1111.95
358 5000 180 4125.85
370 5000 220 2169.55
425 5000 245 4231.2
372 5000 195 3498.65
329 5000 146 3571.4
369 5000 194 3728.7
366 5000 197 2043.55
351 5000 177 4986.85
327 5000 195 2209.55
417 5000 224 2666.95
431 5000 194 3292.25
441 5000 229 4933.95
327 5000 152 3455.2
432 5000 220 3011.15
379 5000 215 1793.7
430 5000 184 4334.95
375 5000 202 3980.2
447 5000 209 4322.8
467 5000 238 4777
373 5000 181 4392.7
410 5000 184 4555.5
394 5000 190 4451.35
380 5000 188 1635.75
432 5000 220 4364.5
357 5000 236 2816.9
407 5000 211 2571.25
424 5000 208 4257.45
378 5000 182 2543.65
333 5000 164 4992.6
366 5000 213 1718.25
368 5000 193 3532.35
419 5000 209 4674.35
409 5000 204 1724.4
291 5000 214 2107
388 5000 202 2977.95
426 5000 205 4677.9
340 5000 224 2371
279 5000 197 3008.4
425 5000 219 3234.55
402 5000 178 3881.35
391 5000 192 2982.05
329 5000 194 3284.3
378 5000 178 4442.15
325 5000 171 3555.95
350 5000 218 2095.95
374 5000 186 3618.2
392 5000 199 2253.75
388 5000 208 3696.7
384 5000 182 4991.05
394 5000 238 3395.55
364 5000 213 2772.95
312 5000 158 3421.15
410 5000 194 4650.85
400 5000 194 4915.1
286 5000 176 1678.9
372 5000 186 3686.3
400 5000 209 3848.75
427 5000 208 4258.15
368 5000 196 4010.75
308 5000 221 2635.35
380 5000 229 2021.75
311 5000 191 4972.75
448 5000 207 4485.95
289 5000 148 2586.75
438 5000 242 1577.25
355 5000 171 2823.35
398 5000 247 1320.45
375 5000 200 4164.95
403 5000 205 2382.6
403 5000 194 1490
404 5000 208 2061.1
383 5000 185 3561.2
361 5000 174 4108.05
478 5000 243 4426.7
438 5000 204 4134.3
352 5000 178 3895.65
364 5000 225 2165.95
344 5000 227 3067.6
362 5000 191 3461.35
438 5000 228 4635.5
372 5000 211 3149.75
379 5000 188 4989.2
429 5000 216 2538.55
392 5000 193 2270.4
419 5000 199 1811.4
384 5000 224 2312.6
413 5000 190 3415.9
383 5000 194 4170.55
344 5000 187 2512.6
329 5000 187 3337.7
312 5000 192 2611.4
388 5000 204 4972.3
375 5000 225 4081.2
339 5000 195 1899
380 5000 206 1435.15
408 5000 203 2673.8
478 5000 249 4780.85
348 5000 217 2278.15
442 5000 217 4476.25
392 5000 211 1842.4
421 5000 213 1753.1
383 5000 205 2462.8
445 5000 211 4613.35
345 5000 198 2822.65
356 5000 212 2317.8
390 5000 201 3490.05
350 5000 199 2596.7
413 5000 202 2018.9
364 5000 208 3616.85
473 5000 224 3939.6
409 5000 181 4753.6
351 5000 192 2788.8
382 5000 205 4580.95
396 5000 205 4991.15
336 5000 212 2426.15
358 5000 192 3606.45
341 5000 188 3812.65
394 5000 201 2460.45
390 5000 192 3783.45
415 5000 203 3238.1
376 5000 195 4462.65
400 5000 204 2770.6
368 5000 192 2712.05
444 5000 230 4161.5
410 5000 242 1613.7
441 5000 213 4461.9
362 5000 234 2413.65
375 5000 201 2030.3
366 5000 195 1501
409 5000 214 1494.3
332 5000 184 4936.1
372 5000 208 2713.8
365 5000 181 4391.5
396 5000 213 4994
444 5000 213 3838.9
428 5000 202 2818.1
340 5000 209 1420.1
405 5000 208 2907.4
411 5000 197 4822.05
433 5000 191 4476.9
391 5000 176 4576.5
394 5000 203 3998.15
299 5000 205 3782.55
351 5000 193 2422.85
406 5000 200 2566.1
409 5000 216 4065.65
394 5000 199 4920.75
392 5000 205 4104.8
401 5000 239 3838.8
409 5000 197 2008.7
347 5000 184 4113.15
421 5000 216 2365.25
423 5000 207 3997.7
381 5000 183 1953.85
344 5000 221 1727.85
390 5000 206 4158.3
362 5000 206 3735.5
399 5000 223 4138.3
327 5000 216 2919.15
317 5000 152 4859.65
375 5000 188 2884.3
358 5000 166 4710.25
357 5000 179 4865.8
405 5000 224 2512.3
323 5000 201 907.3
387 5000 194 2677.3
378 5000 185 3420.6
382 5000 211 2991.95
406 5000 216 4027.45
410 5000 194 2589.95
462 5000 212 4745.05
399 5000 233 1198.65
412 5000 202 4439.2
426 5000 203 2603.1
341 5000 220 3292.5
399 5000 229 3714.45
388 5000 186 3654.55
366 5000 192 2831.15
376 5000 187 2749.5
391 5000 190 3238.5
367 5000 214 2890.3
378 5000 216 2927.6
361 5000 215 2552.15
409 5000 190 1929.1
395 5000 216 1844.8
351 5000 183 3729.5
452 5000 210 4521.5
362 5000 191 1736.05
387 5000 186 1239.25
362 5000 217 3083.45
414 5000 197 2795.75
384 5000 190 2411.4
430 5000 240 1340
449 5000 227 4733.1
333 5000 156 4621.5
339 5000 181 3102.75
426 5000 198 4816.25
344 5000 213 1589.85
401 5000 213 3871.35
388 5000 271 1505.55
308 5000 198 1932.2
402 5000 197 4817.8
377 5000 202 2667.95
443 5000 234 4356.25
395 5000 214 2236.05
431 5000 198 3163.1
377 5000 182 4651.25
369 5000 230 2649.5
294 5000 167 1910.3
381 5000 196 3172.35
352 5000 195 4191.9
470 5000 225 4624.25
399 5000 199 4595.5
412 5000 191 4287.35
421 5000 238 4286.85
389 5000 228 2257.7
417 5000 225 2792.2
383 5000 216 3060.7
358 5000 184 2805.55
451 5000 206 4630.25
381 5000 231 2508.6
428 5000 223 1174
380 5000 195 4956.9
367 5000 166 3833.2
373 5000 187 4720.35
382 5000 218 3860.5
370 5000 202 2674.6
327 5000 191 2573.55
408 5000 234 1430.8
448 5000 205 3751.25
335 5000 209 2127.6
404 5000 238 799.15
370 5000 183 4920.15
448 5000 228 4448.6
391 5000 230 1471.1
376 5000 217 1230.45
398 5000 188 3528
351 5000 177 3144.7
420 5000 218 4691.75
377 5000 195 2808.7
352 5000 201 2988.25
396 5000 209 2396.7
354 5000 184 3287.6
356 5000 186 2322.05
365 5000 206 3410.4
359 5000 246 1991.45
353 5000 191 3216.75
398 5000 199 3986.8
437 5000 231 4249.8
408 5000 197 4154.45
358 5000 221 923.2
375 5000 189 3902.85
411 5000 229 2533.9
317 5000 218 3301.95
431 5000 225 3748.35
405 5000 215 2636.55
329 5000 188 4111.5
346 5000 170 3525.75
297 5000 173 3464.6
386 5000 219 4136.55
394 5000 219 2809.75
433 5000 214 4707.6
391 5000 198 3876.35
422 5000 214 3964.4
350 5000 185 3096.25
393 5000 228 4626.9
424 5000 201 3601.65
410 5000 202 4013.7
354 5000 202 2749.1
428 5000 210 4401.85
377 5000 197 4890.8
360 5000 236 1398.9
372 5000 192 3768.1
387 5000 189 4157.95
371 5000 210 1508.3
364 5000 232 1143.8
421 5000 198 4803.2
368 5000 213 1711.65
348 5000 222 2750.95
348 5000 189 1345.25
382 5000 193 3624.6
352 5000 163 4714.6
387 5000 216 4945.85
398 5000 182 1629.2
386 5000 184 2718.1
329 5000 214 3668.8
393 5000 191 4710.3
387 5000 199 1769.2
442 5000 206 2891.9
417 5000 185 2900
409 5000 218 1790.65
444 5000 207 4681.95
387 5000 195 1212.2
371 5000 179 2526.35
380 5000 250 1506.4
376 5000 208 2494.75
401 5000 212 1948.2
384 5000 195 1921.8
449 5000 213 4677.45
357 5000 213 2073.75
343 5000 173 4170.95
384 5000 218 2876.95
359 5000 188 2500.85
352 5000 175 1946.1
357 5000 185 2144.85
417 5000 221 4053.2
420 5000 218 3389.55
349 5000 215 2370.65
391 5000 201 2177.85
351 5000 190 3464.95
363 5000 196 3313.2
330 5000 179 3232.05
415 5000 238 2879.1
404 5000 189 4415
415 5000 209 1461.45
386 5000 185 4123.05
426 5000 231 2340.55
401 5000 196 3934.75
365 5000 193 3496.5
431 5000 207 3452.95
386 5000 206 4233.05
375 5000 206 4884.9
406 5000 205 4432.7
380 5000 203 2935.3
410 5000 201 3532.55
415 5000 211 2724.9
416 5000 221 2160.75
444 5000 210 3551.15
432 5000 205 4523.95
387 5000 193 4419.1
324 5000 208 2353.1
382 5000 191 3032.15
325 5000 202 2717.55
95 5000 62 2987.45
204 5000 120 1060.8
10 5000 33 2414.4
54 5000 53 3352.55
115 5000 76 768.25
42 5000 41 4014.9
126 5000 102 781.05
86 5000 58 1003.85
119 5000 62 3735.1
65 5000 102 1642.55
33 5000 34 2730.65
0 5000 31 205.55
97 5000 54 4313.25
104 5000 71 1992.55
231 5000 130 4349.8
218 5000 110 3887.3
109 5000 66 3679.75
32 5000 22 3354.85
116 5000 56 1990.8
154 5000 89 4911.5
102 5000 116 2242.35
149 5000 80 4743.5
166 5000 99 2855.65
89 5000 72 1569.65
96 5000 53 4913
162 5000 94 4894.15
178 5000 85 4546.9
223 5000 133 4947.55
170 5000 83 1269.2
59 5000 45 1000.25
171 5000 92 4542.8
87 5000 49 4606.9
99 5000 69 4917.05
45 5000 33 4413.4
97 5000 54 4438
183 5000 102 3838.55
67 5000 70 1203
157 5000 89 4538.75
150 5000 74 4874.25
106 5000 102 1564.2
147 5000 83 4455.9
170 5000 85 4792.9
170 5000 85 4101.6
187 5000 111 3201.05
83 5000 56 2265.4
111 5000 130 1666
110 5000 95 1585.6
71 5000 52 764.05
160 5000 84 4736.2
117 5000 90 1400.5
0 5000 20 205.8
82 5000 46 3583.25
84 5000 57 1735.35
114 5000 78 2935.15
140 5000 89 2562.2
163 5000 93 1232.95
60 5000 41 4508.45
173 5000 91 959.05
231 5000 136 4273.9
70 5000 52 3044.15
114 5000 76 1205.15
113 5000 72 4994
96 5000 59 4232.2
80 5000 66 3526.3
65 5000 73 1303.55
110 5000 90 2261.25
25 5000 26 1617.9
55 5000 68 2636.4
135 5000 107 3472.5
236 5000 121 2503.75
17 5000 58 260.4
46 5000 56 1631.65
87 5000 71 2546.45
169 5000 88 4738.15
119 5000 76 1873.1
115 5000 92 964.15
177 5000 92 4955.55
99 5000 104 3088.3
89 5000 51 721.35
132 5000 111 1615.5
79 5000 81 1678.05
90 5000 50 4602.95
73 5000 79 940.7
166 5000 80 3842.6
194 5000 102 4010.7
74 5000 45 454.75
111 5000 61 4494.5
243 5000 113 4881.45
137 5000 93 4999.95
100 5000 68 2093.15
151 5000 93 1676.55
105 5000 71 2988.1
133 5000 88 1676.05
101 5000 60 4851.2
225 5000 120 4993.3
27 5000 45 376.6
166 5000 98 4991.45
138 5000 72 4759.2
30 5000 29 1015.45
111 5000 79 3565.15
139 5000 97 2811.8
113 5000 65 3716.65
115 5000 65 4975.85
105 5000 65 3973.9
16 5000 31 360.1
109 5000 86 3347.95
145 5000 81 2619.35
140 5000 96 2910.75
204 5000 92 4790.9
208 5000 103 3262.3
118 5000 61 4945.1
151 5000 80 4377.3
106 5000 81 2871.85
0 5000 14 83.25
164 5000 90 4964.75
252 5000 119 4730.15
172 5000 86 4187.3
174 5000 109 3700.7
70 5000 44 1675.8
124 5000 76 2840.95
109 5000 56 4977.4
41 5000 37 3051
114 5000 66 998.85
79 5000 57 1905.15
163 5000 80 4538.8
102 5000 64 3759.6
99 5000 59 764.2
130 5000 93 2422.05
174 5000 95 3574.65
181 5000 115 2592.95
152 5000 107 2367.6
150 5000 84 1849.05
153 5000 94 1791.1
43 5000 51 3063
57 5000 67 643.25
150 5000 81 3008.3
136 5000 67 3780
134 5000 77 4691.1
184 5000 134 3169.7
165 5000 117 2154.45
99 5000 67 2054.7
12 5000 32 3356.55
16 5000 28 561
83 5000 107 638.1
2 5000 56 1296.1
62 5000 40 3810.2
136 5000 74 4006.1
47 5000 57 2338.5
130 5000 80 4976.9
151 5000 76 3062.2
45 5000 55 1369.85
107 5000 80 2713.85
0 5000 36 1662.95
72 5000 57 2485.2
53 5000 58 1001.75
141 5000 100 685.75
42 5000 52 630.8
193 5000 115 3457.7
89 5000 54 1328.15
30 5000 34 673.6
187 5000 96 4849.1
63 5000 52 556.65
141 5000 86 3994.6
140 5000 106 4990.2
200 5000 113 4080.85
171 5000 94 1183.45
106 5000 72 1296.6
158 5000 98 2348
169 5000 103 884.1
119 5000 73 4369.85
165 5000 116 2154.85
95 5000 65 1410.95
134 5000 63 4579.85
145 5000 88 4041.95
0 5000 4 64.95
202 5000 126 2650.3
112 5000 74 4901.65
105 5000 73 2217.25
158 5000 75 4084.9
177 5000 100 3520.2
103 5000 76 1640.25
150 5000 85 3202.75
155 5000 104 2803.35
50 5000 54 2803
97 5000 96 2616.55
64 5000 44 2772.5
141 5000 106 2040.95
11 5000 34 2466.4
84 5000 85 905.05
135 5000 80 1708.9
70 5000 75 1386.9
57 5000 71 176.95
77 5000 57 1634.5
30 5000 72 2954.65
161 5000 86 4639.45
19 5000 38 1557
1 5000 36 1002.4
184 5000 90 3872
185 5000 90 3483.8
172 5000 93 3818.2
48 5000 41 4823.6
158 5000 79 4940.6
124 5000 84 1388.9
72 5000 84 1601.55
0 5000 18 274.5
59 5000 64 2015.45
98 5000 55 3494.15
59 5000 47 3719.25
114 5000 59 4505.85
111 5000 76 2099.4
113 5000 61 4230.55
289 5000 143 3580
165 5000 109 4541.95
69 5000 74 2422.65
46 5000 60 2004.55
44 5000 32 3874.4
58 5000 48 3908.5
78 5000 59 1604.8
155 5000 103 2159.8
131 5000 80 2243.85
269 5000 143 4621.6
106 5000 56 736.95
91 5000 45 4841.2
100 5000 75 2970.25
139 5000 68 3833.8
13 5000 27 281.6
123 5000 84 4144.95
214 5000 119 4114.9
106 5000 69 4115.65
182 5000 98 4167.2
91 5000 58 4739.95
169 5000 95 4643.35
0 5000 16 678.1
82 5000 88 2511.4
132 5000 68 4298.05
60 5000 45 494.7
130 5000 75 3007.6
131 5000 71 4132.35
13 5000 67 556.9
119 5000 86 3656.6
207 5000 101 4349.4
136 5000 83 4906.05
69 5000 57 1051.65
182 5000 88 4882.55
89 5000 53 2955.2
155 5000 107 3413.3
147 5000 98 1842.8
56 5000 48 1192.6
99 5000 110 1928.15
118 5000 76 1978.45
171 5000 90 4442.85
104 5000 58 3808
131 5000 88 2085.4
210 5000 101 4388.9
130 5000 107 2317.55
128 5000 69 2200.6
147 5000 88 4529.5
13 5000 45 568.55
119 5000 77 3132.05
59 5000 110 994.65
95 5000 53 4704.25
160 5000 80 1873.25
27 5000 55 671.05
97 5000 91 1319
0 5000 16 70.5
156 5000 106 3489.7
96 5000 68 4364.35
127 5000 76 4954.25
72 5000 45 4819.6
81 5000 52 2457.6
161 5000 93 3865.65
123 5000 74 719.3
159 5000 80 4054.45
114 5000 75 3535.4
112 5000 61 4933.7
184 5000 107 4986.2
101 5000 64 421.45
137 5000 81 3473.85
28 5000 69 1310.65
179 5000 110 2614.85
135 5000 97 2644.95
130 5000 76 4990.55
166 5000 90 4720.7
20 5000 34 3091.7
193 5000 102 3498
131 5000 81 4989.25
55 5000 62 736.95
131 5000 82 3316.8
105 5000 52 4082
233 5000 138 3443.5
157 5000 100 1145.6
63 5000 43 3434.7
72 5000 59 265.9
178 5000 105 2884.25
139 5000 71 4815.25
60 5000 41 4791.7
140 5000 71 3118.75
107 5000 62 1173.05
190 5000 108 4999.8
109 5000 76 4415.65
84 5000 65 1303.6
86 5000 80 3102.85
42 5000 55 2199.5
184 5000 104 4653.3
123 5000 69 4312.1
115 5000 71 716.7
126 5000 72 4613.55
46 5000 64 455.6
34 5000 36 648.65
1 5000 17 216.75
189 5000 86 920.25
198 5000 125 4951.85
46 5000 32 2037.15
191 5000 112 2632.5
0 5000 28 945.7
88 5000 55 1120.95
45 5000 72 1556.2
69 5000 48 1807.1
109 5000 69 1858.9
27 5000 49 2997
102 5000 69 3621.9
99 5000 67 3411.95
0 5000 44 181
180 5000 82 4656.85
100 5000 60 4559.45
115 5000 116 2042.85
146 5000 78 4863.2
92 5000 63 2439.35
216 5000 110 4829.5
80 5000 65 552.8
150 5000 91 3453.35
16 5000 40 261.15
71 5000 50 878.5
115 5000 63 1788.8
219 5000 126 3419.5
97 5000 65 3389.05
150 5000 91 3853.45
84 5000 47 2076.1
69 5000 58 3339.2
179 5000 87 4582.9
118 5000 80 4903.7
126 5000 70 4322.7
103 5000 80 3170.8
114 5000 55 3697.1
191 5000 97 2997.6
41 5000 62 300.55
147 5000 82 3263.55
109 5000 81 2060.4
86 5000 61 2373.35
151 5000 91 804.9
152 5000 94 4096.55
262 5000 139 4372.9
75 5000 62 361.65
53 5000 41 1932.05
115 5000 73 3598.05
228 5000 133 1237.95
201 5000 124 4979.05
90 5000 91 944.05
100 5000 83 2052.2
126 5000 85 3165.3
79 5000 50 4951.6
112 5000 71 1879.2
151 5000 88 3320.85
100 5000 73 3417.7
0 5000 19 221.4
160 5000 83 4345.85
64 5000 57 2347.5
158 5000 105 2695.1
0 5000 18 77.9
101 5000 58 3689.9
50 5000 77 996.65
113 5000 74 4058.6
188 5000 89 4721.1
132 5000 93 4419.8
134 5000 90 3124.3
139 5000 88 2342.9
61 5000 43 3938.95
49 5000 38 1037.9
87 5000 57 3452.95
221 5000 89 4665.55
145 5000 81 2301.7
89 5000 56 3581.85
213 5000 121 4123.25
97 5000 82 2181.95
204 5000 121 4876.65
166 5000 88 4455.1
113 5000 86 2057.65
156 5000 73 1908.6
17 5000 28 607.8
156 5000 94 3190.45
117 5000 81 3443.75
54 5000 41 895.45
177 5000 89 4749.35
46 5000 36 3548.75
105 5000 59 3561.1
212 5000 118 4744.7
60 5000 61 3025.45
175 5000 91 3531.5
191 5000 106 4938.2
44 5000 47 484.7
110 5000 72 2619.55
120 5000 69 2993.9
165 5000 93 591.75
177 5000 112 1900.95
106 5000 64 4350.55
94 5000 48 4471.8
92 5000 60 4164.6
59 5000 52 684.2
76 5000 65 3067.5
134 5000 98 3672.95
98 5000 64 3502.45
179 5000 94 4737.1
119 5000 86 2925.35
194 5000 89 4592
140 5000 97 1424.35
87 5000 85 1822.6
119 5000 87 3512.3
97 5000 61 334.85
222 5000 140 3982.65
158 5000 92 3416.55
82 5000 58 2082.5
133 5000 80 2648.15
1 5000 25 1898.8
53 5000 69 2100.25
77 5000 58 3112.9
22 5000 35 776.65
61 5000 45 2047.3
83 5000 74 1708.85
233 5000 126 3980.85
77 5000 41 2750.7
1 5000 41 573.55
165 5000 94 4290.5
168 5000 106 3627.8
116 5000 94 3124.85
66 5000 56 2286
165 5000 105 1687.85
33 5000 19 2526.55
163 5000 86 4998.8
165 5000 116 2624.25
131 5000 61 4761
204 5000 116 3054.4
62 5000 79 2570.2
208 5000 114 4684.55
208 5000 103 4852.05
56 5000 68 3771.4
60 5000 42 194.25
128 5000 83 3353.3
132 5000 82 1560.3
96 5000 65 3743.7
117 5000 116 2598.5
195 5000 97 3520.6
166 5000 87 2250.05
144 5000 78 1681.15
185 5000 100 1517.35
31 5000 25 3641
113 5000 69 936.1
128 5000 70 4555.25
182 5000 97 4886.45
133 5000 79 4943.25
107 5000 74 3040.95
224 5000 106 3778.8
78 5000 79 2800.3
130 5000 66 2491.25
24 5000 25 914.1
111 5000 83 2426.6
136 5000 98 1093.9
71 5000 51 1351.15
169 5000 86 4266.7
211 5000 151 2775.35
3 5000 10 1044.45
112 5000 64 4260.65
213 5000 112 3888.05
101 5000 63 1171
92 5000 60 3666
16 5000 25 1471.65
108 5000 115 488.5
117 5000 67 4006.65
106 5000 52 1372.05
133 5000 79 2899
222 5000 113 4866.6
72 5000 70 1161.2
151 5000 81 4993.7
14 5000 43 958
147 5000 69 4223.25
209 5000 114 3522.05
45 5000 33 4589.25
226 5000 126 4356
48 5000 39 736.15
106 5000 61 4952
36 5000 53 696.2
120 5000 64 2712.7
40 5000 27 4963.65
189 5000 104 4119.8
170 5000 82 3174.45
84 5000 82 1466.25
147 5000 94 2990.85
97 5000 79 1318.9
155 5000 89 3918.5
58 5000 31 1423.7
57 5000 35 4630.1
0 5000 31 948.85
0 5000 27 248.2
3 5000 26 1213.7
0 5000 46 1279.75
0 5000 46 994.95
23 5000 35 3204
0 5000 23 206.25
14 5000 30 690.65
0 5000 14 34.5
0 5000 15 55.45
0 5000 15 1703.15
0 5000 23 196.95
34 5000 60 867.35
13 5000 23 352.35
26 5000 42 687.2
2 5000 15 2638.6
2 5000 35 1248.65
0 5000 10 15.3
1 5000 41 1378.4
5 5000 18 412.75
0 5000 32 542.25
0 5000 13 223.2
0 5000 27 740.95
0 5000 29 1180.05
7 5000 33 224.45
0 5000 22 1254.45
28 5000 31 528.2
1 5000 26 166.35
0 5000 26 363.8
0 5000 15 285
0 5000 11 12.55
0 5000 24 960.65
0 5000 38 1091.6
0 5000 17 751.95
58 5000 52 2887.7
23 5000 47 797.8
21 5000 47 602.15
0 5000 22 1168.4
0 5000 11 1.2
1 5000 13 235.7
0 5000 25 99.1
45 5000 33 1871.8
0 5000 16 44.05
1 5000 39 567.2
0 5000 27 702.3
109 5000 69 4419.7
0 5000 31 729.75
1 5000 36 925.35
18 5000 26 128.15
38 5000 45 1512.5
0 5000 18 138.9
1 5000 46 407.6
21 5000 35 710.6
0 5000 35 178.9
31 5000 38 605.05
13 5000 34 1288.4
10 5000 37 492.6
2 5000 29 896.95
20 5000 38 2189.15
0 5000 14 60.25
0 5000 8 517.45
44 5000 42 814.5
0 5000 14 259
1 5000 35 230.9
0 5000 14 942
37 5000 28 4192.6
0 5000 24 253.5
0 5000 15 126.75
23 5000 46 295.15
6 5000 41 223.15
4 5000 24 167.9
50 5000 61 637.85
0 5000 30 652.65
0 5000 19 291.9
1 5000 40 1835.45
1 5000 20 1372.75
3 5000 38 658.25
0 5000 25 506.95
20 5000 41 416.25
19 5000 47 264.5
23 5000 18 272.7
1 5000 25 179.2
4 5000 32 669.75
0 5000 14 635.5
11 5000 37 964.6
0 5000 19 404.4
13 5000 33 1726.75
0 5000 33 1248.25
0 5000 35 364.8
0 5000 45 688.35
0 5000 21 140.8
0 5000 32 912.25
0 5000 9 5.45
0 5000 26 549.15
0 5000 22 705.9
3 5000 30 1578.65
0 5000 8 177.8
12 5000 39 242.9
0 5000 11 122
0 5000 38 505.6
43 5000 35 1425.3
25 5000 42 1069
26 5000 29 954.95
3 5000 33 183.6
3 5000 30 1398.3
26 5000 25 1842.25
8 5000 40 743.2
12 5000 48 1051.9
1 5000 40 772.3
5 5000 20 337.7
0 5000 28 228.85
15 5000 30 214.95
4 5000 39 1813
27 5000 37 77.45
15 5000 19 882.05
0 5000 31 1734.4
0 5000 18 266.4
0 5000 16 329.4
0 5000 30 228.2
5 5000 45 1681.2
0 5000 18 416.3
4 5000 23 267.85
1 5000 53 407.95
18 5000 23 823.6
7 5000 39 594.5
0 5000 34 610.2
28 5000 51 848.45
0 5000 13 141.95
0 5000 19 355.15
2 5000 37 639.45
40 5000 32 320.3
2 5000 19 1454
33 5000 34 2199.25
24 5000 34 917.3
19 5000 38 316.7
0 5000 38 348.25
29 5000 33 402
44 5000 46 1047.55
36 5000 57 1095.3
0 5000 9 443.05
20 5000 34 817.4
15 5000 24 122.35
47 5000 26 3782.8
0 5000 15 51.75
2 5000 20 2219.95
38 5000 45 1290.85
0 5000 13 577.1
19 5000 40 2181.95
24 5000 41 305
1 5000 23 174.5
0 5000 38 236.8
2 5000 28 339.55
0 5000 12 206
0 5000 20 445.4
0 5000 25 1028.95
26 5000 35 677.45
0 5000 8 583.7
28 5000 28 317.75
26 5000 25 266.35
45 5000 40 1356.95
0 5000 40 312.2
49 5000 33 4361.3
2 5000 24 774.1
33 5000 37 63.85
56 5000 47 2075.6
0 5000 16 745.4
29 5000 37 1209.4
0 5000 49 812
7 5000 25 968.65
34 5000 59 2499.65
0 5000 36 421.55
10 5000 34 2174.05
39 5000 59 2298.8
29 5000 35 2172
0 5000 9 389.4
0 5000 37 330.65
4 5000 22 592.8
0 5000 23 1136.2
0 5000 25 1682.8
0 5000 21 802.3
14 5000 37 1899.6
0 5000 21 288.6
1 5000 18 103.05
17 5000 28 714.85
40 5000 48 567
0 5000 27 405.05
29 5000 47 751.25
1 5000 36 159.65
4 5000 38 367.8
0 5000 12 185.95
46 5000 34 350.6
0 5000 25 538.05
0 5000 9 589.85
0 5000 33 202.7
13 5000 37 451.1
0 5000 13 1399.5
35 5000 44 251.55
51 5000 53 2178.95
2 5000 40 1952.45
11 5000 23 2050.2
21 5000 34 1062.6
0 5000 24 762.75
0 5000 29 1960.35
12 5000 32 908.9
14 5000 24 2673.25
19 5000 25 1120.25
13 5000 36 968
25 5000 42 225.4
11 5000 27 797.45
0 5000 24 497.55
15 5000 42 684.6
0 5000 14 82.65
0 5000 14 1299.95
65 5000 42 1764.6
1 5000 19 2832.55
0 5000 24 207.2
0 5000 19 64.4
3 5000 21 435.1
34 5000 24 4783.6
8 5000 37 392.8
1 5000 30 2342.8
1 5000 23 248.15
19 5000 37 417.4
12 5000 57 303.95
28 5000 32 1918.9
35 5000 26 3436.05
3 5000 45 611
0 5000 31 406.4
0 5000 8 13.25
15 5000 65 512.15
1 5000 28 558.2
0 5000 20 219
0 5000 31 195.1
0 5000 51 402.85
0 5000 12 784.15
15 5000 35 385.2
1 5000 33 334.75
17 5000 33 590.65
7 5000 55 1210.15
17 5000 24 325.05
0 5000 19 285.95
0 5000 15 65.05
0 5000 24 352.15
7 5000 38 366.75
0 5000 18 453.35
28 5000 51 2191.25
0 5000 9 100.95
2 5000 29 533
0 5000 31 799.15
17 5000 59 1653.4
20 5000 27 677.4
27 5000 31 253
17 5000 47 490.5
4 5000 32 702.3
0 5000 10 6.3
0 5000 10 258.65
8 5000 49 349.45
11 5000 36 303.55
0 5000 24 1324.25
58 5000 66 481.8
16 5000 19 298.1
0 5000 36 213.45
1 5000 34 1212.9
33 5000 47 273.55
3 5000 38 1846.55
22 5000 35 328.05
12 5000 56 993.45
43 5000 43 1522.8
0 5000 9 0.05
0 5000 18 311.55
92 5000 59 2874.3
0 5000 29 482.3
0 5000 19 242.6
2 5000 35 152.25
2 5000 32 771.05
0 5000 18 177.15
23 5000 39 1786.9
0 5000 6 3.05
0 5000 7 10.1
1 5000 28 567.7
0 5000 27 731.45
1 5000 37 503.75
2 5000 20 1001.9
0 5000 40 1118.55
12 5000 28 471.35
14 5000 36 708.35
0 5000 20 399.25
9 5000 32 1216.55
7 5000 49 1255.25
0 5000 25 555.7
0 5000 15 71.75
0 5000 24 499.7
0 5000 25 1314.55
0 5000 9 7.4
0 5000 16 310.2
30 5000 34 316.25
21 5000 52 690.5
30 5000 36 1114.45
18 5000 82 719.45
0 5000 28 443.95
8 5000 34 566.85
16 5000 43 2994.75
0 5000 18 1010.45
7 5000 29 2458.8
18 5000 28 2565.35
0 5000 24 818.25
32 5000 33 378.5
41 5000 36 686.1
1 5000 17 145.1
0 5000 20 176.8
12 5000 29 592.85
50 5000 37 4898.65
0 5000 24 365.65
0 5000 16 383.8
0 5000 56 550.55
69 5000 51 2642.1
32 5000 31 1173.55
0 5000 30 1525.75
1 5000 27 260.05
14 5000 24 1567.85
0 5000 11 27.05
0 5000 21 442.05
0 5000 16 1427.15
0 5000 22 852.8
0 5000 13 89.45
50 5000 46 575.25
23 5000 18 683.4
0 5000 23 225.8
61 5000 47 4588.75
5 5000 33 1677.3
2 5000 22 272.85
0 5000 12 211.2
1 5000 38 525.35
0 5000 27 258.05
0 5000 27 242.8
5 5000 23 400.1
30 5000 44 509.25
3 5000 34 497.6
27 5000 31 1744.6
0 5000 11 137.8
0 5000 11 143.7
0 5000 20 74
0 5000 25 630.35
15 5000 40 922.2
0 5000 21 230.75
34 5000 23 1228.65
3 5000 40 1049.55
22 5000 30 830.05
0 5000 43 921.7
22 5000 44 513.4
15 5000 46 848.65
37 5000 41 239.3
9 5000 27 2382.15
27 5000 28 1956.8
0 5000 11 1302.65
42 5000 49 301.6
1 5000 40 1598.3
2 5000 29 360.45
0 5000 25 121.4
16 5000 30 1857
5 5000 30 1741.7
0 5000 13 24.55
0 5000 5 27.35
5 5000 30 246.5
23 5000 31 274.45
5 5000 35 823.85
0 5000 44 477.7
0 5000 21 621.5
48 5000 46 551.75
16 5000 46 924.05
0 5000 40 532.25
0 5000 22 82.7
17 5000 22 587.4
0 5000 43 720
11 5000 34 1311.3
0 5000 32 434.3
44 5000 32 637.25
0 5000 20 301.65
0 5000 30 1722.15
0 5000 17 510.8
20 5000 26 202.15
0 5000 11 16.75
5 5000 19 182
0 5000 21 1423.25
22 5000 30 173.75
0 5000 19 230.45
0 5000 39 238.25
60 5000 45 1268.5
0 5000 30 498.45
1 5000 29 476.9
2 5000 32 436.45
36 5000 39 1542.7
5 5000 19 2503.45
4 5000 22 524.15
0 5000 21 347.55
0 5000 20 155.45
16 5000 29 313.8
14 5000 47 249.4
0 5000 19 443
32 5000 40 638.6
25 5000 41 2619.45
27 5000 46 305.25
0 5000 15 65.15
0 5000 18 30
1 5000 32 244.75
0 5000 27 340.75
8 5000 30 384.75
0 5000 9 692.65
26 5000 22 4834.35
7 5000 33 185.85
8 5000 18 79.65
12 5000 31 937.8
0 5000 15 110.4
0 5000 39 771.4
0 5000 39 336.6
0 5000 20 748.15
0 5000 3 0.05
29 5000 23 4785.05
1 5000 77 717.65
35 5000 34 564.7
0 5000 35 343.05
12 5000 40 669
39 5000 66 1237.7
0 5000 12 1480.1
0 5000 27 198.25
1 5000 25 759.95
13 5000 30 692.45
0 5000 36 616.5
0 5000 25 364.7
2 5000 24 330.65
0 5000 22 301.3
6 5000 33 1562.05
1 5000 22 63.75
0 5000 39 850.35
19 5000 21 353.1
36 5000 25 165.5
0 5000 36 355.8
0 5000 23 360.45
0 5000 20 339.6
1 5000 44 1104.15
1 5000 38 282.3
1 5000 38 395.7
30 5000 25 981.7
41 5000 43 2818.95
13 5000 57 1276.55
2 5000 29 172.85
0 5000 30 540.95
17 5000 31 564.3
5 5000 35 306.35
0 5000 17 44.75
1 5000 43 328
7 5000 40 1269.55
0 5000 27 147.25
15 5000 43 1640.55
1 5000 39 341.35
0 5000 25 383.65
54 5000 52 3777.2
61 5000 44 2650.15
0 5000 22 177.95
10 5000 29 454
0 5000 21 41.35
26 5000 22 3344.75
5 5000 13 227.65
0 5000 21 743.75
25 5000 32 174.05
32 5000 45 343.05
0 5000 22 395.25
16 5000 39 508.9
0 5000 21 528.75
0 5000 15 855.55
3 5000 35 1244.95
15 5000 25 830.5
0 5000 39 768.8
0 5000 19 459.65
43 5000 19 1632.3
0 5000 11 159.65
15 5000 50 554.45
0 5000 16 48.45
0 5000 35 606.1
0 5000 20 947.1
0 5000 19 1147
0 5000 24 445.75
10 5000 24 185.3
30 5000 41 1271.7
14 5000 21 287.85
5 5000 29 1171.3
0 5000 12 284.05
0 5000 11 616.45
3 5000 38 951.15
20 5000 37 368.95
0 5000 34 595.95
3 5000 25 228.75
0 5000 26 221.7
33 5000 35 757.65
0 5000 13 218.2
0 5000 29 217.95
0 5000 9 4.2
9 5000 31 334.7
0 5000 20 300.5
19 5000 25 502.95
0 5000 32 730.95
0 5000 20 44.6
0 5000 19 45.35
0 5000 12 19.75
0 5000 16 68.35
0 5000 15 65.95
0 5000 18 806.8
0 5000 32 269.85
1 5000 21 195.05
1 5000 20 1933.5
0 5000 13 275.85
0 5000 20 300.95
0 5000 34 928.15
22 5000 43 878.55
0 5000 16 332.3
0 5000 3 0.05
0 5000 12 322.5
3 5000 21 515.65
0 5000 10 593.35
0 5000 19 1072.15
12 5000 25 1206.8
0 5000 15 48.5
1 5000 12 1272.85
0 5000 12 24.35
0 5000 23 79
0 5000 28 230.95
2 5000 23 158.2
0 5000 9 238.95
0 5000 11 452.8
0 5000 27 946.6
0 5000 28 653.2
0 5000 31 483.65
0 5000 24 557.35
0 5000 16 45.65
0 5000 14 47.1
1 5000 25 278.25
1 5000 13 60.1
10 5000 21 1766.45
5 5000 26 1615.5
0 5000 19 36.95
0 5000 25 142.85
0 5000 10 116.6
0 5000 15 64.7
0 5000 21 505.35
3 5000 20 477.65
0 5000 16 227.8
0 5000 36 310.55
0 5000 19 309.5
0 5000 18 318.6
0 5000 29 886.45
0 5000 12 384.8
0 5000 11 91.6
0 5000 25 255.3
6 5000 19 309.15
1 5000 31 963.5
0 5000 16 798.5
0 5000 30 499.8
0 5000 6 32.35
0 5000 27 311.3
0 5000 19 119.75
6 5000 34 185.55
0 5000 31 1728.6
9 5000 24 213.75
1 5000 21 504.8
0 5000 12 137.4
0 5000 32 533.3
2 5000 44 624.3
0 5000 10 0.05
0 5000 18 354.5
0 5000 26 342.85
8 5000 10 218.45
0 5000 16 1351.35
11 5000 22 639.8
0 5000 38 764.05
0 5000 30 259.7
0 5000 23 120
0 5000 15 610.35
5 5000 30 1358.65
1 5000 45 393.7
0 5000 25 156.75
0 5000 8 285.4
0 5000 17 30.05
0 5000 19 466.35
0 5000 37 327.45
9 5000 33 242.6
2 5000 15 2394
0 5000 8 0.05
0 5000 27 88.5
0 5000 24 363.45
0 5000 32 585.15
0 5000 40 370.7
0 5000 13 1074.2
0 5000 21 284.7
0 5000 16 360.15
0 5000 27 793
1 5000 21 170
0 5000 16 81.75
0 5000 9 32.25
0 5000 18 133.8
0 5000 36 247.2
0 5000 8 2.05
0 5000 21 189.9
0 5000 21 370.7
0 5000 23 160.25
0 5000 23 392.35
0 5000 8 3.7
0 5000 25 285.25
0 5000 22 816.05
0 5000 15 326.25
0 5000 32 305.05
0 5000 27 469.3
0 5000 13 136.55
0 5000 20 159.5
0 5000 26 958.7
0 5000 33 233.5
0 5000 10 67.2
0 5000 19 143.3
0 5000 20 167.65
0 5000 20 349.05
0 5000 12 4.6
0 5000 14 2830.55
0 5000 13 230
10 5000 23 1729.35
0 5000 31 404.05
0 5000 15 77.7
0 5000 17 216.3
0 5000 17 286.35
0 5000 6 0.05
0 5000 8 18.95
0 5000 28 123.85
0 5000 9 36.15
0 5000 19 65.95
0 5000 33 600.5
0 5000 29 822.1
0 5000 6 0.05
0 5000 22 214.8
0 5000 7 26.8
0 5000 18 807.5
0 5000 7 0.05
10 5000 18 303.6
0 5000 14 366.25
1 5000 16 317.65
0 5000 29 1321.75
0 5000 20 554.95
0 5000 21 170.05
0 5000 11 45.5
0 5000 16 607.2
3 5000 22 262.85
0 5000 9 271.1
0 5000 20 48.1
0 5000 21 202.8
0 5000 8 57.25
0 5000 16 544.95
7 5000 35 207.55
3 5000 24 656.4
0 5000 34 868.15
0 5000 14 89.45
0 5000 26 33.4
0 5000 21 1082.7
0 5000 21 73.9
0 5000 29 215.85
0 5000 24 556.25
0 5000 8 9.65
0 5000 12 68.4
0 5000 16 1170.45
0 5000 9 208.85
0 5000 12 593.45
0 5000 24 737.2
0 5000 16 597.35
14 5000 16 258.9
0 5000 21 342.1
10 5000 24 334.15
2 5000 23 189.65
0 5000 18 57.55
0 5000 24 218.25
23 5000 34 934.75
0 5000 17 667.2
0 5000 6 457.6
0 5000 27 502.55
0 5000 33 620.05
0 5000 15 167.25
0 5000 18 922.5
1 5000 18 343.65
0 5000 27 225.35
0 5000 11 17.85
3 5000 28 239.35
0 5000 15 14.05
0 5000 36 285
10 5000 29 211.45
0 5000 19 1164.15
0 5000 21 262.3
1 5000 12 58.25
0 5000 12 305.4
1 5000 23 447.25
0 5000 26 326.35
0 5000 12 103.05
1 5000 20 139.15
0 5000 32 1615.1
0 5000 23 225.05
0 5000 6 120.3
0 5000 12 84.5
0 5000 26 278.4
0 5000 22 350.85
0 5000 29 1031.5
0 5000 21 875.25
0 5000 15 45.45
0 5000 28 129.9
0 5000 18 141.1
0 5000 16 186.3
0 5000 18 327.6
0 5000 37 678.65
0 5000 12 236.6
0 5000 28 982.5
17 5000 24 123.85
0 5000 19 785.95
0 5000 11 0.05
0 5000 33 863.7
0 5000 9 36.3
0 5000 18 190.75
0 5000 18 70.1
3 5000 37 258.1
1 5000 16 117.8
0 5000 13 66.3
0 5000 23 310.45
11 5000 22 568.3
9 5000 41 320.05
9 5000 15 472.15
6 5000 20 529.55
0 5000 42 354.55
0 5000 15 99.05
2 5000 16 43.3
0 5000 21 26.6
0 5000 14 115.2
0 5000 17 113.95
0 5000 10 87.15
0 5000 14 215.55
0 5000 26 640
0 5000 15 535.9
0 5000 23 122.95
13 5000 26 717.6
1 5000 19 45.85
0 5000 25 98.1
0 5000 20 444.45
0 5000 16 122.1
0 5000 17 203.95
0 5000 15 388.85
0 5000 23 238.45
0 5000 18 187.65
0 5000 26 213.85
0 5000 20 501.55
0 5000 13 342.85
0 5000 13 82.1
0 5000 3 104.9
0 5000 18 477.45
0 5000 23 497.2
