673 1250 718 133.9
684 1250 695 79.4
680 1250 818 82.95
696 1250 731 121.55
686 1250 744 105.3
699 1250 761 122.2
680 1250 722 127.3
691 1250 795 98.05
691 1250 708 171.55
701 1250 711 165.85
660 1250 737 129.2
651 1250 733 104.2
684 1250 718 124.9
680 1250 721 103.55
697 1250 715 142.2
718 1250 771 119.6
692 1250 740 110.4
690 1250 724 130.95
703 1250 784 102.15
683 1250 773 114.45
679 1250 735 143.8
651 1250 701 105
691 1250 720 120.1
691 1250 708 108.4
677 1250 718 111.15
650 1250 766 95
703 1250 770 111.55
675 1250 740 126.4
680 1250 730 115.1
678 1250 784 109.4
713 1250 716 101.55
694 1250 761 113.65
681 1250 760 110.6
686 1250 738 89.7
707 1250 729 127.1
681 1250 682 131.15
660 1250 722 98.55
699 1250 710 114.5
679 1250 753 93.9
672 1250 793 97.35
693 1250 691 129.45
704 1250 734 142.55
661 1250 728 119.05
689 1250 746 97.25
663 1250 750 98.65
685 1250 745 104.05
673 1250 705 123.15
677 1250 745 91.05
684 1250 735 119.4
687 1250 726 128.45
695 1250 765 114.95
670 1250 756 107.55
688 1250 729 129.15
653 1250 760 116.45
691 1250 742 111.5
679 1250 773 99.15
675 1250 736 137.25
674 1250 745 92.1
707 1250 774 109.5
666 1250 779 89.2
682 1250 781 111.95
703 1250 763 96
702 1250 731 96.9
693 1250 756 121.9
697 1250 746 102.6
691 1250 768 91.15
695 1250 732 115.3
697 1250 673 153.05
700 1250 737 100.4
692 1250 752 103.4
669 1250 707 151.35
669 1250 779 93.9
716 1250 754 109.55
685 1250 768 102.9
660 1250 732 142.4
671 1250 759 98.75
708 1250 734 127.8
689 1250 757 92.55
682 1250 749 119.05
707 1250 774 120.5
687 1250 735 136.7
683 1250 769 82.55
701 1250 682 155.3
689 1250 743 154.7
700 1250 771 95.95
650 1250 741 108.7
714 1250 746 128.65
714 1250 760 109
674 1250 685 134.2
700 1250 750 113
679 1250 776 114.1
680 1250 758 85.7
688 1250 783 116.3
660 1250 722 129.9
688 1250 783 116.35
711 1250 755 110.9
679 1250 728 104.6
679 1250 757 111.75
668 1250 750 98.2
691 1250 702 130.35
693 1250 730 140.95
678 1250 739 110.35
690 1250 740 104.1
648 1250 714 126.85
683 1250 689 142.1
673 1250 681 117.15
709 1250 759 127.35
683 1250 777 109.5
694 1250 781 126.9
713 1250 732 101.6
660 1250 730 120
689 1250 763 108.1
702 1250 725 109.85
684 1250 743 97.65
676 1250 726 133.15
692 1250 715 135.35
682 1250 753 107.25
689 1250 787 124.95
683 1250 770 120.55
687 1250 756 99.05
696 1250 729 98.15
670 1250 715 108.65
666 1250 764 111.2
720 1250 729 141.3
682 1250 775 114.1
683 1250 771 103.45
705 1250 754 96.55
711 1250 835 78.45
670 1250 677 163.1
701 1250 708 145.65
666 1250 732 132.3
705 1250 799 82.6
666 1250 812 83.15
684 1250 763 119.25
682 1250 745 111.55
659 1250 732 93.15
681 1250 753 132.9
694 1250 767 111.2
690 1250 751 105.85
684 1250 704 153.9
674 1250 761 117.65
679 1250 781 92.45
694 1250 794 104.95
693 1250 730 131.55
701 1250 728 177.4
693 1250 741 98.4
651 1250 721 116.6
674 1250 735 144.35
684 1250 738 96.95
683 1250 731 123.95
670 1250 743 82.25
688 1250 749 135.95
689 1250 745 103.85
702 1250 735 131.05
668 1250 756 108.2
689 1250 750 102.5
695 1250 702 106.65
665 1250 671 155.6
669 1250 751 134.5
693 1250 794 105.45
722 1250 689 144.5
664 1250 763 105.45
683 1250 775 100.15
681 1250 756 121.5
652 1250 800 96.2
677 1250 741 115.5
694 1250 776 111.8
688 1250 774 96.2
688 1250 739 102.6
703 1250 740 83.85
703 1250 738 71.75
687 1250 746 106.8
713 1250 684 140.4
693 1250 720 87.9
693 1250 733 126.7
687 1250 717 120.3
693 1250 730 107.2
675 1250 746 123.85
729 1250 625 174.9
676 1250 781 100.95
653 1250 777 116
682 1250 741 127.25
683 1250 748 108.55
689 1250 757 107.85
712 1250 731 132.6
701 1250 728 130.05
688 1250 740 124.15
675 1250 761 83.55
702 1250 680 134.7
700 1250 787 95.95
705 1250 761 103.5
686 1250 710 115.7
676 1250 769 118.8
690 1250 746 153.55
687 1250 775 108.7
668 1250 783 86.6
731 1250 711 124.9
699 1250 740 123.7
675 1250 763 116.6
699 1250 721 102.95
674 1250 778 109.7
700 1250 749 133
698 1250 735 120.6
710 1250 751 122.65
671 1250 737 101.7
682 1250 739 117.6
658 1250 766 101.4
712 1250 744 111.35
675 1250 698 132.25
682 1250 762 100.45
694 1250 764 105.2
677 1250 698 162.4
681 1250 726 151.8
677 1250 783 96.9
679 1250 751 99.75
727 1250 748 112.35
681 1250 737 107.85
703 1250 737 107.5
682 1250 767 101.05
692 1250 690 131.2
685 1250 699 143.75
682 1250 703 120.3
710 1250 720 140.65
654 1250 723 119.45
676 1250 758 112.7
683 1250 745 108.6
675 1250 755 139.65
681 1250 774 84.9
685 1250 725 123.45
698 1250 757 105.55
708 1250 770 113.5
670 1250 741 113.3
691 1250 702 119.5
686 1250 776 98.95
695 1250 775 103.1
694 1250 698 143.75
681 1250 764 112.1
654 1250 750 114.7
686 1250 782 99.2
696 1250 753 115.9
671 1250 749 95.55
695 1250 733 130
698 1250 698 140.65
699 1250 758 111.8
690 1250 759 100.25
660 1250 716 147.3
703 1250 731 120.3
686 1250 811 86.8
668 1250 743 122.65
673 1250 754 108.4
694 1250 797 140.25
676 1250 721 99.4
680 1250 722 101.05
684 1250 729 105.75
686 1250 777 84.55
668 1250 769 97.25
696 1250 733 102.75
682 1250 735 118.2
687 1250 744 121.3
681 1250 767 99.35
652 1250 772 82.2
676 1250 793 102.7
691 1250 720 103.15
668 1250 758 93.55
709 1250 710 106.45
676 1250 790 103.25
695 1250 757 106.45
675 1250 685 165
689 1250 737 112.45
705 1250 719 117.35
724 1250 695 143.8
684 1250 780 125.35
671 1250 733 125.95
700 1250 780 121.45
696 1250 732 131.9
714 1250 725 94.25
694 1250 730 122.3
676 1250 756 119.9
671 1250 736 119.3
714 1250 799 105.45
699 1250 776 101.05
678 1250 771 100.5
656 1250 767 81.6
678 1250 710 146.85
690 1250 706 135.4
682 1250 736 120.95
678 1250 682 149.9
705 1250 752 118.4
648 1250 783 111.4
723 1250 770 134.6
689 1250 720 106.15
707 1250 766 113.45
673 1250 768 113
692 1250 769 140.25
685 1250 702 110.85
691 1250 797 82.75
667 1250 706 141.4
679 1250 772 116.95
701 1250 768 117.25
687 1250 746 132.15
674 1250 740 92.7
673 1250 782 98.65
675 1250 724 157.25
677 1250 760 106.95
692 1250 783 111.2
681 1250 760 133.5
669 1250 662 177.15
707 1250 672 123.3
647 1250 748 101.05
707 1250 731 121.4
678 1250 780 87.75
691 1250 791 107.5
708 1250 768 106.65
697 1250 749 101.05
695 1250 773 146.3
657 1250 734 137
679 1250 743 110.35
690 1250 764 100.95
659 1250 765 92.45
699 1250 776 115.6
713 1250 758 119.85
682 1250 673 149.7
686 1250 740 134.8
659 1250 785 80.3
673 1250 755 89.8
695 1250 772 96.8
679 1250 765 119
687 1250 754 115.55
684 1250 711 162.55
687 1250 765 100.1
681 1250 710 123.75
705 1250 689 81.35
692 1250 743 121.6
688 1250 731 112.35
682 1250 789 88.85
704 1250 774 93.85
667 1250 762 103.65
694 1250 787 99.5
654 1250 785 98.15
696 1250 748 105.55
713 1250 753 85.3
706 1250 744 102.9
705 1250 734 124.3
698 1250 775 102.4
675 1250 701 92.55
692 1250 741 137.7
700 1250 747 84.4
691 1250 737 114.5
677 1250 773 100.1
699 1250 771 136.1
656 1250 774 123.3
689 1250 715 131.3
671 1250 747 87.75
676 1250 737 86.9
685 1250 735 137.3
693 1250 731 125.2
675 1250 716 163.45
693 1250 777 108.15
699 1250 715 129.6
667 1250 723 82.5
660 1250 729 113.4
676 1250 766 93
680 1250 726 108.45
692 1250 725 117.6
695 1250 728 127
691 1250 691 142.7
681 1250 793 80.4
710 1250 759 118.1
681 1250 803 95.75
714 1250 758 110.2
700 1250 791 92.95
702 1250 766 115.85
690 1250 724 138.8
702 1250 770 92.8
684 1250 713 96.25
700 1250 756 98.25
700 1250 717 141.65
676 1250 690 159.75
697 1250 777 93.35
676 1250 736 105.65
663 1250 728 118.35
679 1250 769 111.2
689 1250 767 96.5
673 1250 774 125.05
682 1250 733 152.85
677 1250 743 76.35
684 1250 781 85.65
675 1250 759 108.8
674 1250 773 109.95
696 1250 799 120
704 1250 730 126.85
685 1250 750 117.3
662 1250 748 116.95
688 1250 733 126.85
675 1250 814 96.05
695 1250 786 96.35
680 1250 740 127.5
688 1250 720 138.65
703 1250 665 195.7
691 1250 717 122.3
695 1250 810 104
693 1250 753 94.6
693 1250 748 105
667 1250 762 121.4
713 1250 739 129.65
690 1250 778 100
686 1250 721 79.2
681 1250 730 97.05
710 1250 754 130.6
684 1250 745 107.7
714 1250 764 105.4
664 1250 691 124.95
679 1250 767 95.6
701 1250 787 108.15
665 1250 733 117
702 1250 763 112.95
699 1250 714 143.15
678 1250 729 118.65
694 1250 773 89.85
676 1250 742 113.55
691 1250 773 95.45
683 1250 780 103.85
698 1250 737 82.25
676 1250 712 115
692 1250 699 153.4
727 1250 716 140.2
688 1250 716 95.15
686 1250 693 158.5
659 1250 751 113.2
677 1250 743 105.55
679 1250 749 95
688 1250 765 122.05
684 1250 772 97.05
693 1250 754 107.8
682 1250 698 124.15
693 1250 760 125.35
668 1250 742 115.5
690 1250 744 133.1
683 1250 724 112.3
675 1250 773 90.8
690 1250 738 123.8
697 1250 750 117.05
670 1250 800 109.8
681 1250 799 98.5
686 1250 750 122.55
681 1250 802 112.85
677 1250 680 138.25
708 1250 773 97.3
688 1250 762 94.95
677 1250 711 105.9
663 1250 745 112.6
679 1250 749 106.3
703 1250 772 95.95
696 1250 764 121.8
707 1250 756 132.25
699 1250 776 110.6
678 1250 726 118.95
679 1250 714 98.35
681 1250 780 96.7
672 1250 737 121.75
665 1250 759 106.5
705 1250 738 102.75
687 1250 733 123.5
662 1250 785 109.85
677 1250 748 137.8
697 1250 792 108
671 1250 728 156.15
701 1250 710 142.05
703 1250 726 127.25
674 1250 781 101.05
695 1250 745 100.55
674 1250 779 97.2
663 1250 717 93.55
680 1250 729 123.85
674 1250 719 131.25
703 1250 767 84.4
696 1250 749 92.85
662 1250 753 94.85
696 1250 786 106.85
702 1250 766 109.85
689 1250 805 88.8
673 1250 731 95.05
690 1250 729 101.65
682 1250 757 95.95
685 1250 800 81.7
676 1250 740 115.75
678 1250 749 115.7
667 1250 723 141.9
683 1250 779 100.35
688 1250 715 106.8
709 1250 755 101.6
722 1250 784 114.55
689 1250 780 100.3
684 1250 709 157.15
665 1250 716 119.1
689 1250 761 122.2
671 1250 707 138.35
695 1250 779 106.3
679 1250 759 132.6
652 1250 728 141.25
673 1250 518 292.75
645 1250 441 313.65
657 1250 565 275.1
670 1250 566 314.45
641 1250 561 239.55
667 1250 520 252.65
639 1250 477 303.65
686 1250 452 306.8
654 1250 518 365.1
660 1250 486 300.05
645 1250 529 237.7
635 1250 494 340.8
665 1250 455 378
649 1250 555 246.25
650 1250 530 230.35
620 1250 482 344.15
646 1250 439 441.5
663 1250 500 303.45
614 1250 504 328.55
666 1250 516 354.25
639 1250 502 388.85
678 1250 563 326.75
665 1250 470 455.15
657 1250 534 285.95
660 1250 552 368.25
643 1250 537 262.65
655 1250 571 314.9
650 1250 511 248.35
664 1250 520 341.1
643 1250 505 440.15
663 1250 539 399.55
692 1250 543 297.35
648 1250 548 307.6
649 1250 524 320.75
635 1250 515 284.85
635 1250 556 423.05
640 1250 577 266.25
656 1250 479 387
626 1250 475 348.9
664 1250 519 326.15
624 1250 534 237.8
645 1250 520 340.8
658 1250 540 314.75
650 1250 475 412.65
653 1250 491 306.1
648 1250 491 299.4
650 1250 476 256
647 1250 532 350.4
635 1250 518 406.8
658 1250 524 332.6
676 1250 557 326.75
634 1250 480 297.8
634 1250 522 225.95
668 1250 573 278.7
626 1250 584 201.15
631 1250 492 245.85
658 1250 433 546.8
663 1250 447 515.25
658 1250 405 534
680 1250 517 351.1
654 1250 525 270.6
687 1250 480 332.2
626 1250 448 284.4
657 1250 500 343.05
661 1250 461 494.1
646 1250 505 326.55
666 1250 496 311.6
664 1250 588 202
701 1250 500 338
647 1250 543 300.8
670 1250 501 358.9
646 1250 513 323.75
640 1250 484 311.1
645 1250 469 412.4
660 1250 547 266.15
644 1250 465 563
668 1250 495 425.5
635 1250 488 233.35
643 1250 433 567.85
657 1250 463 423.25
625 1250 519 348.45
653 1250 545 293.65
658 1250 568 293.5
650 1250 474 297.4
647 1250 491 320.4
657 1250 462 400.65
658 1250 498 370.85
658 1250 560 385.7
642 1250 541 269.65
662 1250 462 374.2
662 1250 498 363.9
640 1250 439 482.45
661 1250 559 325.75
661 1250 437 392.9
645 1250 506 349.95
681 1250 478 434.8
661 1250 554 245.9
638 1250 618 207.4
671 1250 542 333
660 1250 488 372.9
644 1250 501 309.55
672 1250 505 262.8
634 1250 545 318.2
678 1250 527 277.6
632 1250 526 342.1
663 1250 533 313.35
643 1250 467 353.2
653 1250 556 192.4
650 1250 504 281.85
668 1250 582 290.7
674 1250 477 421.1
681 1250 524 300.45
639 1250 492 308.4
644 1250 501 284.85
695 1250 494 421.6
648 1250 506 244.55
656 1250 528 276.85
642 1250 530 321.8
652 1250 517 301.05
667 1250 572 289.65
650 1250 534 313.2
644 1250 547 266.15
636 1250 465 254.2
703 1250 512 323.95
635 1250 579 214
640 1250 495 347.05
662 1250 515 334.65
650 1250 462 472.65
649 1250 570 310.35
633 1250 578 250.5
675 1250 486 322.8
660 1250 466 257.8
695 1250 587 243.9
649 1250 530 274.6
647 1250 559 240.9
676 1250 555 248.65
648 1250 476 368.5
636 1250 523 237.3
655 1250 562 263.55
659 1250 490 437.7
630 1250 493 223
674 1250 509 313.3
630 1250 556 256.85
651 1250 544 330.55
651 1250 522 321.3
650 1250 537 296.5
646 1250 517 232.8
636 1250 532 394.3
629 1250 467 424.25
629 1250 509 352.1
674 1250 519 449.1
637 1250 477 461.9
653 1250 457 373.9
660 1250 501 277.2
658 1250 460 358.95
678 1250 550 265.15
635 1250 470 398.15
624 1250 520 309.55
628 1250 473 482.25
640 1250 520 309.25
687 1250 522 372.65
666 1250 528 377.7
624 1250 552 284.4
642 1250 485 329.65
670 1250 448 368.7
674 1250 494 339.55
641 1250 480 388.2
657 1250 551 256.55
670 1250 434 329.35
637 1250 593 277.85
652 1250 522 252.7
689 1250 521 324.45
654 1250 600 246.2
642 1250 563 292.25
642 1250 594 240.65
648 1250 540 288.2
637 1250 495 326.4
657 1250 461 498.05
646 1250 528 278.4
643 1250 468 422.35
657 1250 548 262.75
650 1250 563 327.8
654 1250 529 261.5
627 1250 499 221.35
632 1250 522 387.5
623 1250 464 374.3
660 1250 480 325
660 1250 484 358.75
662 1250 448 515.4
668 1250 489 389.8
659 1250 475 370.75
657 1250 478 452.8
663 1250 491 330.75
661 1250 545 259.85
654 1250 519 248.95
651 1250 528 297.15
660 1250 539 293.25
658 1250 481 379.4
680 1250 476 311.8
657 1250 462 505
645 1250 514 297.75
662 1250 569 259.15
615 1250 511 391.2
638 1250 540 256.85
638 1250 484 291.5
648 1250 513 279.1
669 1250 520 358.7
633 1250 549 263.45
657 1250 505 339.6
676 1250 534 232.2
663 1250 446 375.8
673 1250 481 281.35
651 1250 563 315.75
643 1250 516 276.75
629 1250 482 466.55
631 1250 503 355.4
647 1250 538 316.05
642 1250 497 370.6
654 1250 570 288.3
679 1250 450 319.1
642 1250 501 343.15
642 1250 499 270.35
658 1250 525 377.3
631 1250 495 337.3
651 1250 481 315.35
656 1250 467 361.2
650 1250 519 286.4
648 1250 407 538.15
631 1250 504 369.45
630 1250 548 328.05
640 1250 480 425.85
630 1250 541 291.4
637 1250 466 344.85
621 1250 550 284.85
650 1250 533 253.75
649 1250 471 312.55
656 1250 492 266.1
635 1250 488 400.8
668 1250 452 382.25
635 1250 489 334.3
663 1250 509 313.8
661 1250 494 324.05
651 1250 514 277.6
639 1250 493 380.4
631 1250 486 356
625 1250 438 316
633 1250 500 453
672 1250 538 246.2
657 1250 520 283.55
635 1250 479 272.9
654 1250 492 412.05
616 1250 473 346.05
644 1250 534 361.1
695 1250 387 288.4
637 1250 522 307.7
655 1250 525 297.4
680 1250 546 264.7
658 1250 523 268.5
646 1250 499 276.1
649 1250 488 260.05
643 1250 486 471.95
646 1250 517 284.05
647 1250 467 393
625 1250 529 361.35
664 1250 466 425.55
650 1250 535 304.25
678 1250 504 272.1
657 1250 539 303.7
653 1250 490 271.6
641 1250 484 313.55
635 1250 449 302.15
640 1250 464 325.6
638 1250 473 397.5
650 1250 550 250.8
646 1250 523 321
649 1250 472 432.7
647 1250 558 282.95
631 1250 569 303.35
625 1250 483 393.2
637 1250 505 390.05
639 1250 518 368.4
670 1250 450 349.85
649 1250 543 256.2
658 1250 502 386.55
624 1250 460 337.2
654 1250 563 330.7
649 1250 478 377.1
652 1250 555 382.95
655 1250 541 267.15
683 1250 506 350.6
632 1250 532 297.4
648 1250 467 377.2
627 1250 466 396.45
645 1250 456 374.2
656 1250 529 312
670 1250 588 233.6
645 1250 461 472.1
659 1250 534 311.25
644 1250 504 320.9
624 1250 568 295.7
631 1250 525 348.75
642 1250 490 319.85
652 1250 564 328.15
674 1250 498 372.5
642 1250 529 306.85
662 1250 535 334.9
660 1250 451 314.15
627 1250 509 352.4
652 1250 570 272.95
672 1250 569 265.1
659 1250 488 375.25
650 1250 467 377.95
672 1250 499 292.95
639 1250 494 268.1
665 1250 487 249.65
655 1250 546 289.9
648 1250 482 403.75
659 1250 532 244.55
673 1250 470 428.85
666 1250 547 242.65
671 1250 495 290.1
630 1250 527 309.55
646 1250 542 290.15
655 1250 486 367.85
672 1250 497 300.65
643 1250 506 354.1
663 1250 509 352.2
615 1250 496 381.7
645 1250 453 348
656 1250 486 335.75
662 1250 466 410.7
631 1250 509 286.55
655 1250 477 347.15
657 1250 528 267
645 1250 527 327.3
671 1250 491 332.5
661 1250 535 281.35
641 1250 466 336.15
660 1250 514 332.9
622 1250 412 658.3
665 1250 519 319.65
628 1250 502 378.35
637 1250 568 303.55
634 1250 550 238.35
633 1250 477 357.9
637 1250 544 283.35
675 1250 515 269.9
662 1250 510 254.85
644 1250 504 443.8
659 1250 488 360
630 1250 563 302.35
672 1250 554 296.5
643 1250 521 319.65
655 1250 518 329.4
660 1250 450 397.7
663 1250 560 295.1
663 1250 533 330.45
664 1250 576 285.4
646 1250 478 448.25
638 1250 455 493.3
673 1250 509 377.65
663 1250 501 290.15
689 1250 549 333.45
664 1250 476 291.3
662 1250 480 375.95
658 1250 496 389.1
664 1250 490 377.9
631 1250 518 291.3
658 1250 494 339.15
641 1250 461 416.3
647 1250 551 281.95
663 1250 533 317
644 1250 522 287.95
663 1250 497 346.95
633 1250 514 336.4
654 1250 545 294.65
672 1250 537 273.3
666 1250 446 376.15
639 1250 524 278.9
655 1250 517 443.1
638 1250 530 234
659 1250 492 295
657 1250 534 297.4
657 1250 539 335.5
655 1250 481 384.55
623 1250 489 339.25
643 1250 560 302.8
657 1250 494 342.6
665 1250 507 293.85
654 1250 500 391.1
660 1250 505 353.5
653 1250 515 388.9
642 1250 464 385.9
659 1250 485 278.65
656 1250 505 310.2
654 1250 479 342.1
626 1250 468 236.05
652 1250 553 288.3
668 1250 518 399.2
615 1250 455 299.8
643 1250 520 387.85
657 1250 490 384.25
658 1250 503 284.9
632 1250 457 294.45
617 1250 539 331.75
647 1250 501 372.1
636 1250 432 447.35
650 1250 478 314.25
654 1250 428 419.6
635 1250 602 270.85
664 1250 421 502.4
658 1250 504 316.5
660 1250 519 242.9
683 1250 508 208.8
644 1250 500 296.9
654 1250 543 273.95
629 1250 500 356
672 1250 527 280.7
634 1250 509 298.2
653 1250 460 345.85
666 1250 520 264.35
655 1250 584 309.65
651 1250 472 425.9
661 1250 561 361.5
645 1250 479 229.55
671 1250 504 321.85
684 1250 468 312.85
657 1250 529 328.2
615 1250 497 343.85
622 1250 503 351.85
654 1250 501 335.5
650 1250 514 299.35
643 1250 519 299.7
644 1250 576 270.55
650 1250 500 359
650 1250 452 326.8
609 1250 530 277.95
647 1250 524 298.4
668 1250 538 368.95
637 1250 468 315.4
635 1250 569 220.1
656 1250 522 253.6
671 1250 483 277.35
670 1250 472 393
655 1250 441 358.8
642 1250 524 293.05
673 1250 462 536.6
657 1250 479 368.2
641 1250 516 218.6
639 1250 522 297.3
667 1250 529 358.55
642 1250 571 215.8
653 1250 484 417.7
658 1250 441 500.15
658 1250 535 287.9
653 1250 515 307.45
673 1250 421 423.15
615 1250 553 308.6
638 1250 492 281.65
665 1250 549 345.65
656 1250 531 257.8
643 1250 458 304.45
637 1250 500 351.15
660 1250 483 327.7
643 1250 547 309.45
661 1250 500 377.2
661 1250 516 340.7
668 1250 530 297.45
646 1250 519 334.3
671 1250 490 358.95
668 1250 524 289.45
650 1250 482 298.45
668 1250 494 273.9
665 1250 464 360.2
628 1250 561 231.35
675 1250 559 238.05
634 1250 561 261.75
644 1250 502 360
655 1250 502 336.9
654 1250 538 278
638 1250 511 295.35
652 1250 512 387.2
651 1250 478 418.7
666 1250 561 199.75
661 1250 539 259.4
648 1250 526 302.05
681 1250 482 274.15
620 1250 513 304.25
661 1250 517 286.55
646 1250 476 339.9
650 1250 516 347.1
648 1250 473 275.5
670 1250 497 334.95
660 1250 495 502.3
634 1250 541 311.9
668 1250 492 303.7
670 1250 499 377.8
661 1250 495 266.15
641 1250 480 348.3
643 1250 506 358.9
591 1250 349 663
644 1250 382 668.6
590 1250 365 487.35
616 1250 416 530.35
644 1250 389 651.95
571 1250 423 513.45
635 1250 396 459.95
612 1250 372 537.75
645 1250 389 741.2
618 1250 367 692.9
642 1250 395 686.2
620 1250 403 411.15
648 1250 404 645.15
642 1250 390 327
640 1250 372 813.5
589 1250 356 619.7
588 1250 393 566.75
638 1250 393 426.3
631 1250 460 369.05
593 1250 434 504.15
597 1250 361 804.1
595 1250 316 619.4
623 1250 384 607.6
599 1250 382 555.75
597 1250 372 672.85
615 1250 401 502.35
619 1250 359 1006.5
648 1250 353 727.15
621 1250 405 448.9
606 1250 405 542.4
598 1250 398 460.05
640 1250 385 696.35
628 1250 362 791.1
623 1250 351 684.6
622 1250 398 565.9
618 1250 402 514.55
623 1250 371 832
604 1250 402 443.35
639 1250 442 519.4
608 1250 399 440.2
613 1250 412 487.8
635 1250 433 486.6
595 1250 378 726.4
616 1250 390 451.55
598 1250 354 767.95
662 1250 373 752.5
621 1250 404 474.2
591 1250 377 524.75
598 1250 329 906.8
628 1250 416 385.5
594 1250 356 454.05
623 1250 455 500.7
611 1250 346 595.6
624 1250 352 763.3
600 1250 428 369.65
616 1250 397 491.4
643 1250 356 714.3
589 1250 423 521.35
613 1250 373 554.5
603 1250 392 552.05
633 1250 394 560.5
610 1250 422 506.6
640 1250 389 511.75
598 1250 311 603.25
612 1250 382 545.7
639 1250 433 548.65
635 1250 335 662.35
614 1250 371 456.9
634 1250 405 560.7
595 1250 398 496.8
607 1250 362 518.25
602 1250 348 574.55
613 1250 385 355.6
598 1250 384 669.2
630 1250 398 641.3
656 1250 371 737.4
586 1250 405 620.55
625 1250 409 649.65
616 1250 371 773
636 1250 344 882.35
616 1250 430 485.1
594 1250 366 624.8
609 1250 370 633.5
619 1250 378 651.2
622 1250 388 555.55
636 1250 355 815.6
624 1250 368 938.05
658 1250 419 681
626 1250 433 528.55
618 1250 370 770.75
616 1250 357 661.35
598 1250 384 534.8
606 1250 445 512.35
592 1250 332 1022.35
608 1250 369 795.9
581 1250 434 463.1
605 1250 410 552
618 1250 404 623
596 1250 394 551.5
658 1250 417 601
604 1250 401 492.35
601 1250 375 515.7
577 1250 354 780.3
626 1250 337 934.45
630 1250 372 677.3
615 1250 423 456.3
597 1250 412 534.55
621 1250 398 590
619 1250 340 564.75
620 1250 379 647
575 1250 424 459.35
595 1250 443 470.65
598 1250 386 576.45
645 1250 421 431.85
632 1250 346 629.25
606 1250 381 580
586 1250 396 526.35
642 1250 410 714.15
603 1250 359 795.3
614 1250 416 588.05
620 1250 365 589.75
613 1250 398 654.95
633 1250 347 773.9
595 1250 310 909.65
623 1250 381 643.3
645 1250 406 509.65
620 1250 409 579.55
606 1250 412 406.05
602 1250 351 614.55
620 1250 380 497.6
641 1250 348 676.3
634 1250 367 468.45
586 1250 456 440.2
624 1250 353 619.25
621 1250 363 527.2
633 1250 387 476.75
617 1250 423 540.45
608 1250 360 444.6
617 1250 415 459.2
597 1250 418 466.25
602 1250 397 471.25
600 1250 347 1135.95
619 1250 376 770.5
643 1250 360 634.45
635 1250 407 566.3
610 1250 363 694.45
629 1250 401 487.3
632 1250 432 463.1
631 1250 420 393.4
631 1250 408 673.35
648 1250 346 677.95
629 1250 404 621.8
607 1250 364 879.65
618 1250 455 443.4
604 1250 340 631.85
614 1250 397 438.05
617 1250 349 512.8
656 1250 382 499.3
634 1250 448 523.2
625 1250 424 441.6
617 1250 418 442.1
628 1250 381 603.2
613 1250 382 634.25
626 1250 363 725.5
606 1250 440 361.85
627 1250 450 500.05
590 1250 368 604.95
587 1250 334 963.25
593 1250 429 399.85
616 1250 345 776.1
596 1250 395 599.05
624 1250 362 460.4
619 1250 387 473.85
606 1250 423 372.05
616 1250 388 518.45
591 1250 422 481.4
615 1250 363 733.75
614 1250 415 477.7
631 1250 412 431.15
602 1250 414 385
605 1250 415 479.75
628 1250 402 803.4
631 1250 386 629.35
617 1250 393 650
600 1250 394 477.05
616 1250 375 535.15
625 1250 360 613.05
624 1250 373 589.35
627 1250 394 600.35
616 1250 442 401.9
610 1250 315 430.75
619 1250 407 455.15
627 1250 377 510.2
606 1250 365 624.1
609 1250 355 817.2
598 1250 463 423.15
621 1250 421 495.25
590 1250 420 523.45
606 1250 408 439.8
601 1250 447 367.95
592 1250 424 539.9
639 1250 358 664.75
629 1250 439 489.35
626 1250 368 558.95
617 1250 411 528.1
614 1250 346 975.35
574 1250 424 491.5
622 1250 436 725.2
615 1250 353 580.2
624 1250 389 508.2
595 1250 364 549.9
649 1250 383 709.65
578 1250 383 442.2
615 1250 413 607.55
604 1250 392 408.5
630 1250 362 634.65
619 1250 401 421.35
611 1250 404 480.95
628 1250 487 433.7
627 1250 342 559
607 1250 313 565.4
609 1250 374 526.6
594 1250 379 747.35
617 1250 436 448.5
578 1250 424 360.9
624 1250 395 585.7
643 1250 332 744.55
634 1250 347 837.25
622 1250 346 477.9
602 1250 428 350.6
614 1250 382 678.7
593 1250 411 550.95
606 1250 427 455.9
609 1250 386 644.75
638 1250 367 794.4
591 1250 374 920.05
604 1250 422 459.45
609 1250 389 436.15
630 1250 339 1028.95
607 1250 381 715.15
632 1250 400 467.4
616 1250 431 362.1
610 1250 395 581.95
608 1250 374 584.15
650 1250 360 375.35
604 1250 371 541.25
624 1250 352 743.3
614 1250 331 947.65
615 1250 395 733.3
648 1250 373 627.95
607 1250 432 494.05
624 1250 389 648.6
601 1250 423 454.15
642 1250 369 667.6
609 1250 422 544.9
631 1250 391 548.3
614 1250 435 347.05
624 1250 373 621.95
615 1250 371 714.2
620 1250 378 616
603 1250 381 478.75
601 1250 411 579.95
621 1250 387 571.05
613 1250 402 565.15
632 1250 387 522.9
591 1250 434 408.5
612 1250 381 535.1
641 1250 437 513.2
605 1250 443 394.15
636 1250 405 460.4
628 1250 383 699.15
633 1250 338 913.3
658 1250 420 358.35
603 1250 367 664.3
641 1250 421 493.7
583 1250 423 389.8
631 1250 408 508.7
610 1250 392 511.65
636 1250 398 625.05
631 1250 348 758.7
600 1250 334 621.35
597 1250 409 633.15
613 1250 380 443
634 1250 380 432.6
617 1250 414 514.05
638 1250 359 644.65
620 1250 395 503.05
625 1250 417 463.4
611 1250 370 702
597 1250 375 442.7
593 1250 374 570.55
603 1250 428 638.3
636 1250 376 616
643 1250 327 657.2
590 1250 406 596.7
636 1250 420 355.95
622 1250 463 434.15
642 1250 383 569.35
615 1250 391 429.05
645 1250 363 702.9
614 1250 335 804.65
602 1250 434 452
598 1250 453 547.15
586 1250 392 468
606 1250 358 490.65
613 1250 363 675
621 1250 402 524.4
618 1250 404 524.5
605 1250 407 417.55
577 1250 427 415.75
624 1250 384 848.75
623 1250 379 491.3
609 1250 378 596.9
583 1250 353 605.25
596 1250 384 461.4
583 1250 375 475.5
615 1250 432 510.55
612 1250 438 505.6
624 1250 402 537.25
635 1250 415 516.2
617 1250 395 654.05
625 1250 366 434.4
623 1250 392 560.25
627 1250 414 626.7
630 1250 424 339.5
627 1250 398 815.35
594 1250 358 511.1
633 1250 340 840.35
620 1250 430 450.7
638 1250 363 714.8
634 1250 393 598.2
592 1250 363 685.45
607 1250 439 474
613 1250 414 473.15
519 1250 320 1109.4
613 1250 377 369
611 1250 416 673.4
605 1250 340 756.25
624 1250 361 717.65
636 1250 362 649.2
611 1250 376 376.2
594 1250 374 573.8
619 1250 349 414.05
616 1250 386 486.1
640 1250 382 330.65
626 1250 363 609.2
599 1250 416 472.8
619 1250 394 549.65
589 1250 415 443.45
604 1250 436 462.6
642 1250 422 461.6
609 1250 407 474.2
593 1250 393 598.95
612 1250 428 557
633 1250 342 807.75
620 1250 381 701.15
625 1250 412 530.75
599 1250 380 570.8
632 1250 363 569.2
647 1250 372 811.2
622 1250 389 492.6
621 1250 366 571.65
618 1250 437 355.05
630 1250 370 541.45
626 1250 423 497.25
625 1250 377 456.2
632 1250 370 491.55
605 1250 402 494.8
608 1250 401 493.8
596 1250 391 565.2
631 1250 367 833.05
615 1250 359 833.35
611 1250 360 515.85
627 1250 412 706.35
613 1250 353 636.55
600 1250 397 346.1
626 1250 405 321.9
599 1250 393 518.45
623 1250 359 644.9
626 1250 367 678.75
594 1250 395 552.25
637 1250 375 548.05
636 1250 376 729.75
599 1250 482 464.95
628 1250 433 484.4
627 1250 403 581.85
579 1250 435 358.65
602 1250 350 578.1
640 1250 401 397.5
644 1250 343 402.5
618 1250 392 632.3
606 1250 377 607.95
575 1250 427 410.2
592 1250 334 533.15
626 1250 415 568.7
627 1250 345 840.05
644 1250 433 514.65
606 1250 396 525.85
614 1250 400 632.5
605 1250 413 420.25
614 1250 415 641
609 1250 346 812.1
613 1250 338 923.05
613 1250 340 582.25
649 1250 374 688.4
637 1250 375 663.4
600 1250 365 617.95
625 1250 420 651.1
600 1250 321 725.35
611 1250 420 507.2
615 1250 427 590.95
630 1250 376 500.05
645 1250 445 406
625 1250 346 569.2
622 1250 436 408.9
622 1250 439 496.9
599 1250 422 452.15
597 1250 357 905.65
647 1250 435 568.2
615 1250 423 571.05
616 1250 353 525.75
633 1250 344 671.65
622 1250 361 682.8
634 1250 344 710.7
603 1250 422 518.45
621 1250 410 469.8
632 1250 400 592.9
609 1250 375 581.8
623 1250 411 516.75
610 1250 440 484.35
615 1250 409 462.5
682 1250 424 504.25
617 1250 398 599.65
641 1250 377 693.2
584 1250 340 666.3
626 1250 369 660.4
593 1250 401 425.3
623 1250 402 439.7
602 1250 429 609.4
637 1250 368 611.6
652 1250 374 586.75
631 1250 399 672.4
635 1250 368 618.05
609 1250 427 707.15
586 1250 394 599.15
612 1250 361 582.6
635 1250 348 473.1
613 1250 403 586.6
599 1250 409 428.3
605 1250 363 752.2
634 1250 361 622.65
642 1250 352 618.5
618 1250 345 478.75
605 1250 343 594.5
587 1250 397 636.75
613 1250 397 483.3
640 1250 468 520.8
626 1250 433 477.45
612 1250 365 818.65
631 1250 323 964.8
614 1250 369 601.45
601 1250 397 502.5
622 1250 430 682.5
629 1250 391 636.1
614 1250 427 432.7
613 1250 350 877.7
599 1250 392 570.9
592 1250 319 725.45
641 1250 442 546.4
622 1250 389 484.05
621 1250 424 467.1
600 1250 362 659.1
595 1250 354 451.9
619 1250 337 946.65
627 1250 422 572.85
607 1250 332 631.75
622 1250 409 525
604 1250 442 395.65
611 1250 391 551.4
650 1250 416 322.2
654 1250 362 714.75
599 1250 337 1005.75
629 1250 387 578.2
606 1250 379 548.15
617 1250 410 463.55
648 1250 393 555.1
609 1250 334 894.3
606 1250 384 480.85
606 1250 413 457.1
616 1250 436 440.6
600 1250 353 624.7
623 1250 403 480.25
620 1250 406 502.85
594 1250 380 476.05
622 1250 350 802.05
609 1250 426 422.7
622 1250 349 650.65
600 1250 421 456.5
579 1250 456 388.45
620 1250 359 407.65
586 1250 288 601.3
576 1250 342 791.2
566 1250 316 1020.5
408 1250 262 1243.6
588 1250 354 949.15
558 1250 305 783
519 1250 294 930.35
519 1250 303 1095.05
522 1250 320 1052.7
564 1250 305 786.5
574 1250 315 1011.65
574 1250 303 854.15
577 1250 325 863.65
509 1250 298 1216.25
597 1250 350 767.3
519 1250 296 783.5
547 1250 283 532.65
589 1250 340 685.85
540 1250 324 771.5
477 1250 258 1146.7
579 1250 322 785.05
558 1250 295 893.75
552 1250 378 608.65
583 1250 336 593.75
472 1250 247 692.05
552 1250 342 1085.7
568 1250 326 843.75
589 1250 326 643.4
512 1250 358 1130.85
566 1250 322 596.5
586 1250 359 809.6
598 1250 332 664.95
570 1250 306 965.45
504 1250 311 1189.35
596 1250 306 559.35
531 1250 274 1099.45
561 1250 319 920.3
567 1250 347 643.5
516 1250 271 1091.55
602 1250 349 799.25
569 1250 328 862.5
432 1250 263 1218.35
580 1250 313 619.3
433 1250 293 1209.05
541 1250 315 831.5
539 1250 304 939.15
529 1250 318 1149.7
570 1250 342 989.5
540 1250 287 1145.45
558 1250 345 906.5
575 1250 305 744.25
568 1250 332 955.75
526 1250 299 954.2
569 1250 295 1157.25
587 1250 338 721.45
496 1250 304 1055.6
583 1250 320 792.15
576 1250 319 920.8
498 1250 264 826.9
590 1250 341 648.55
604 1250 330 674.45
496 1250 300 1213.05
535 1250 342 1055.85
585 1250 364 686.3
520 1250 279 888.15
482 1250 275 1249.05
601 1250 342 777.45
521 1250 319 1124.95
572 1250 321 900.65
579 1250 318 648.05
590 1250 363 565.6
589 1250 360 716.8
521 1250 287 1169.2
575 1250 337 516.7
547 1250 298 804.65
578 1250 363 659.05
583 1250 339 690.3
551 1250 289 1002.25
526 1250 285 969.15
603 1250 313 888.3
581 1250 328 548.5
553 1250 305 1006.3
569 1250 330 807.35
523 1250 310 1207
553 1250 286 853
561 1250 272 980.9
574 1250 322 639.25
550 1250 322 841.65
323 1250 309 1249.9
594 1250 309 878.2
562 1250 313 895
542 1250 278 1056.8
358 1250 262 1178.1
525 1250 290 1211.15
606 1250 366 772.45
592 1250 334 737.45
533 1250 315 1000.95
524 1250 305 687.85
550 1250 313 991.1
544 1250 280 881.4
515 1250 297 944.85
425 1250 265 1186.1
577 1250 289 881.15
346 1250 276 1237.9
586 1250 293 855.3
552 1250 320 1041.9
585 1250 304 589.15
545 1250 286 1048.5
493 1250 255 1062.05
551 1250 354 686.3
528 1250 306 986.9
566 1250 325 926.3
572 1250 341 884.05
586 1250 309 505
535 1250 290 882.2
602 1250 335 810.75
505 1250 301 901.6
549 1250 279 1082.05
524 1250 293 1148.25
588 1250 318 736.4
547 1250 302 732.9
560 1250 293 936.2
577 1250 353 730.45
603 1250 375 654.95
446 1250 292 1220.8
601 1250 363 782.15
569 1250 332 872.5
604 1250 343 675
563 1250 318 721.25
543 1250 328 895.95
560 1250 316 874.8
581 1250 341 759.25
559 1250 280 973.95
570 1250 378 702.6
580 1250 333 788
575 1250 336 815.7
445 1250 299 1204.75
360 1250 242 1159.7
552 1250 306 1058.25
448 1250 298 1229.6
545 1250 301 968
532 1250 329 972.9
581 1250 311 485.55
619 1250 331 631.4
535 1250 281 1159.1
563 1250 304 1041.05
555 1250 324 929.65
549 1250 305 998.5
540 1250 300 1047.5
617 1250 343 873.75
498 1250 277 1145.5
534 1250 275 1092.5
490 1250 248 918.4
524 1250 291 954.65
560 1250 290 968.2
533 1250 281 956.45
572 1250 299 1015.65
544 1250 281 835.7
554 1250 277 1092.95
553 1250 333 637.1
553 1250 304 981.7
555 1250 323 1088.55
616 1250 339 913.2
578 1250 293 949.6
553 1250 305 1181.95
472 1250 293 1242.4
565 1250 328 855.1
470 1250 281 1211.1
595 1250 315 979.7
585 1250 385 748.3
532 1250 265 710.9
581 1250 332 775.1
515 1250 301 1034.4
550 1250 301 1155.1
576 1250 330 738.65
490 1250 294 1244.35
571 1250 313 733
557 1250 375 624.5
599 1250 339 612.7
565 1250 372 547.6
580 1250 298 603
556 1250 302 1144.5
546 1250 295 965.05
567 1250 316 925.35
553 1250 313 680.85
396 1250 296 1216.15
585 1250 371 573.2
542 1250 311 1001.45
387 1250 246 1237.7
509 1250 275 892.15
566 1250 342 989.1
577 1250 343 639.6
554 1250 306 837.55
604 1250 340 602.6
540 1250 321 687.25
534 1250 299 1173.25
574 1250 353 901.35
564 1250 312 1007.75
479 1250 296 1208
564 1250 304 1160.95
591 1250 323 922.2
580 1250 326 524.1
558 1250 324 931.15
545 1250 329 1065.3
546 1250 304 915.6
549 1250 305 970
473 1250 298 1222.5
500 1250 285 901.05
505 1250 310 1179.45
603 1250 331 681.25
603 1250 327 590.5
533 1250 300 710.4
551 1250 343 546.25
548 1250 292 942.75
600 1250 321 810.15
540 1250 285 956.7
567 1250 297 576.55
556 1250 312 702.2
434 1250 304 1216.45
567 1250 290 925.9
509 1250 329 1160.9
597 1250 333 594.15
609 1250 349 724.55
493 1250 284 1236.6
489 1250 274 737.3
528 1250 295 1198.05
588 1250 353 907
553 1250 303 719.2
600 1250 350 618.8
585 1250 335 857.1
496 1250 270 1028.5
574 1250 307 1004.35
509 1250 258 1181.7
586 1250 327 728.25
550 1250 328 932.75
602 1250 339 893.55
554 1250 329 779.35
564 1250 306 648.1
577 1250 297 828.9
543 1250 305 739.2
573 1250 302 922
527 1250 309 602.55
569 1250 287 593.85
564 1250 323 510.65
553 1250 325 563.8
589 1250 350 686.55
573 1250 330 643.8
558 1250 316 780.3
562 1250 353 605.5
552 1250 317 1000.25
571 1250 332 874.65
581 1250 306 975.1
552 1250 309 930.95
558 1250 312 894.55
569 1250 286 805.3
528 1250 314 883.7
595 1250 308 934.45
585 1250 319 818.35
599 1250 319 1086.35
547 1250 303 766.9
560 1250 346 704.5
541 1250 296 894.25
553 1250 306 709.8
567 1250 318 976.15
559 1250 305 680.4
530 1250 309 810.6
539 1250 340 757.05
577 1250 293 927.85
547 1250 306 1017.25
572 1250 344 835.5
632 1250 354 1040.65
543 1250 314 637.2
579 1250 355 662.05
596 1250 352 651.35
493 1250 253 946.5
520 1250 275 735.05
588 1250 334 875.6
586 1250 321 789.45
534 1250 292 913.7
580 1250 322 809.05
593 1250 364 848.8
514 1250 295 892.65
565 1250 288 886.95
408 1250 271 1249.85
511 1250 276 794.2
558 1250 317 558.85
577 1250 309 696.55
527 1250 342 543.1
566 1250 331 977.75
550 1250 341 484.65
566 1250 289 818.4
530 1250 317 851.4
566 1250 332 1072.95
519 1250 265 1234.65
589 1250 363 640.55
542 1250 298 878.75
510 1250 315 1111.65
583 1250 322 755.2
559 1250 321 704.75
569 1250 325 689.75
568 1250 314 1093.05
510 1250 278 592
546 1250 338 923.4
576 1250 313 758.9
580 1250 338 752.9
549 1250 323 979.75
568 1250 328 599.65
544 1250 291 797.6
545 1250 296 892.65
542 1250 346 846.1
520 1250 309 450.3
374 1250 258 1249.2
497 1250 276 986.7
454 1250 233 688.5
552 1250 319 782.3
578 1250 371 561.3
554 1250 342 1073.85
505 1250 283 1121.35
579 1250 330 720.25
593 1250 320 878.3
572 1250 314 754.1
576 1250 348 778.35
500 1250 279 1156.85
545 1250 327 790.15
542 1250 317 903.15
561 1250 329 684.4
576 1250 309 838.75
550 1250 323 1192.2
470 1250 313 1089.9
586 1250 289 959.15
503 1250 298 1248.35
563 1250 292 831.75
553 1250 299 766.75
526 1250 276 1028.15
511 1250 271 905.9
561 1250 328 570.35
499 1250 277 1242.45
571 1250 296 696.5
589 1250 341 687.6
521 1250 298 1243.15
580 1250 331 899.25
552 1250 317 783.3
557 1250 305 614
505 1250 299 1194.7
586 1250 335 888.85
528 1250 305 675.15
568 1250 311 818.5
503 1250 329 828.8
535 1250 318 1015.35
548 1250 311 890.9
562 1250 326 835.25
554 1250 337 800.4
583 1250 308 743.5
619 1250 306 685.5
551 1250 311 1150.2
551 1250 303 843.8
564 1250 309 763.55
578 1250 318 859.5
581 1250 347 553.2
582 1250 345 673.05
521 1250 294 1068.45
558 1250 353 723.1
508 1250 311 1021.3
544 1250 316 938
530 1250 321 1115.6
479 1250 262 767.65
541 1250 322 862.35
338 1250 263 1163.8
561 1250 302 789.95
583 1250 365 777.95
547 1250 334 795.6
577 1250 336 625.25
472 1250 269 688.95
538 1250 322 1185.5
540 1250 311 1123.9
601 1250 319 632.4
488 1250 284 1016.05
589 1250 326 622.45
581 1250 292 555.9
526 1250 268 577.4
544 1250 305 522.25
535 1250 285 1138.1
543 1250 369 704.05
570 1250 322 894.15
558 1250 326 922.85
499 1250 270 1249.65
555 1250 330 545.3
537 1250 325 994.45
575 1250 352 701.35
522 1250 285 1152.75
548 1250 311 1050.45
535 1250 276 1064.35
516 1250 278 974.55
432 1250 299 1216.35
576 1250 336 707.5
563 1250 318 496.45
604 1250 303 767.95
538 1250 358 513.95
521 1250 278 1152.9
473 1250 265 1162.5
510 1250 279 787.6
562 1250 312 799.65
592 1250 333 942.3
594 1250 338 809.6
600 1250 351 710.25
557 1250 349 931.8
538 1250 310 811.9
552 1250 296 881.25
488 1250 233 1152.35
543 1250 326 929.8
589 1250 298 1015
459 1250 282 864.65
551 1250 324 578.65
577 1250 333 807.2
527 1250 295 741.25
551 1250 355 689
528 1250 303 933
598 1250 313 659.65
528 1250 292 916.05
565 1250 318 521.7
563 1250 323 907.85
568 1250 345 647.4
579 1250 336 693.8
560 1250 343 554.75
526 1250 272 1153
552 1250 271 1116.45
511 1250 262 849.45
568 1250 324 969.7
599 1250 313 677.25
609 1250 320 847.95
564 1250 319 843
524 1250 307 1225.3
575 1250 324 952.95
590 1250 345 812.5
609 1250 375 770.85
549 1250 277 605.15
572 1250 329 928.9
573 1250 317 1043.2
556 1250 313 927.5
526 1250 305 846.4
589 1250 330 820.4
537 1250 307 852
617 1250 343 779.7
504 1250 269 1158.55
546 1250 303 1005.3
574 1250 375 683.25
563 1250 316 659.1
504 1250 264 983.55
576 1250 330 997.1
569 1250 298 857.75
520 1250 298 927.05
597 1250 343 854.05
559 1250 313 987.5
585 1250 286 677.85
566 1250 334 782.6
509 1250 278 1233.1
527 1250 308 1166.05
563 1250 291 831.55
561 1250 317 799.5
570 1250 315 1059.25
498 1250 278 1065.9
569 1250 311 701.75
570 1250 333 1045.65
459 1250 281 1237.5
571 1250 322 815.25
541 1250 311 886.65
584 1250 337 788.4
589 1250 326 791.55
537 1250 305 969.3
485 1250 287 1226.75
574 1250 322 585.15
406 1250 250 1202.6
457 1250 257 1033.2
589 1250 340 800.1
530 1250 303 922.9
586 1250 335 829.55
581 1250 299 676.65
559 1250 318 1126.35
574 1250 303 820.3
562 1250 311 578.75
576 1250 302 896.3
454 1250 279 1046.95
582 1250 328 837.25
585 1250 322 749.65
605 1250 336 865.1
591 1250 385 725.2
505 1250 284 726.4
578 1250 308 772.5
549 1250 331 758
562 1250 330 780.8
529 1250 343 1117.05
556 1250 367 741.55
573 1250 330 700.1
544 1250 323 669.65
525 1250 318 986.9
578 1250 346 785.45
587 1250 343 704.85
592 1250 339 880.2
560 1250 307 903.1
574 1250 313 851.8
267 1250 149 1080.95
415 1250 270 1249.95
425 1250 239 1126.85
309 1250 202 1176.75
272 1250 173 1159.9
532 1250 276 861.95
470 1250 273 776.4
381 1250 233 1015.9
418 1250 254 1185.1
494 1250 288 903.75
295 1250 177 1236.15
319 1250 174 1244.85
402 1250 222 1201.3
506 1250 246 1089.85
500 1250 304 998.05
445 1250 249 725.35
407 1250 257 1216.3
468 1250 237 816.9
280 1250 152 1233.75
435 1250 222 823.2
419 1250 240 1213.35
419 1250 246 1168.45
499 1250 254 1114.45
302 1250 189 1233.6
446 1250 219 773.95
365 1250 242 1213.25
468 1250 240 1134.1
452 1250 228 1200.5
482 1250 275 1059.1
431 1250 259 1069.75
310 1250 219 1249.55
451 1250 256 1092
512 1250 293 878.8
388 1250 206 1236.85
477 1250 277 716.75
503 1250 252 677.75
454 1250 228 658.65
335 1250 202 779.05
517 1250 279 930.7
364 1250 273 1235.05
350 1250 238 1245.25
283 1250 177 1244.3
424 1250 235 1009.15
422 1250 253 1008.05
317 1250 196 1196.9
363 1250 227 1018.1
475 1250 272 840.25
471 1250 230 880.7
459 1250 245 802.15
442 1250 239 1143.7
455 1250 269 1249.35
495 1250 273 916.1
469 1250 256 1140.55
319 1250 187 1070.35
470 1250 277 913.5
465 1250 277 1034.35
410 1250 275 1142.4
415 1250 252 1235.2
420 1250 256 1163.45
399 1250 212 1213.7
376 1250 240 1249.3
394 1250 240 1156.1
432 1250 248 1076.65
356 1250 219 1230.65
344 1250 163 647.3
470 1250 273 970.75
417 1250 246 1081.4
406 1250 232 1108.3
479 1250 274 1119.9
217 1250 165 1232.45
357 1250 222 1219.35
445 1250 237 1132.5
348 1250 226 1244.4
362 1250 167 817.3
306 1250 161 1067.55
305 1250 197 1248.8
514 1250 296 918.7
504 1250 288 811.75
494 1250 291 815.05
355 1250 218 1206.05
277 1250 202 1230.5
469 1250 254 1069.85
484 1250 234 749.8
465 1250 244 1091.5
355 1250 232 1237.95
415 1250 237 1198.6
258 1250 191 1166.55
479 1250 265 1007.85
314 1250 184 1245.95
439 1250 238 1244.05
435 1250 226 1249.7
365 1250 238 1248.15
317 1250 200 1249.6
490 1250 288 765.5
501 1250 277 967.9
256 1250 150 1077.3
383 1250 235 1123.55
423 1250 214 1149.25
300 1250 180 1227.9
465 1250 278 1244.15
511 1250 283 746.75
516 1250 317 715.5
269 1250 183 1249.15
531 1250 316 1031.05
510 1250 246 987.4
417 1250 275 1146.5
321 1250 192 1229.35
403 1250 187 1107.3
383 1250 214 1146.85
419 1250 235 1068
327 1250 205 1225.6
490 1250 269 939.45
453 1250 250 866.65
465 1250 254 827.85
393 1250 227 1248.2
515 1250 280 758.85
416 1250 244 1194.25
538 1250 319 847.75
509 1250 261 743.4
363 1250 234 1233
448 1250 257 1092.9
520 1250 280 965.6
398 1250 227 1091.8
259 1250 210 1248.2
305 1250 194 1218.95
308 1250 200 1198.45
487 1250 270 1072.5
483 1250 296 885.7
254 1250 172 1230.25
382 1250 278 1239.45
529 1250 266 1024
490 1250 268 1064.5
386 1250 236 965.55
432 1250 245 1184.65
387 1250 255 1166.4
418 1250 228 910.85
495 1250 261 815.65
393 1250 234 1247
423 1250 245 964.45
357 1250 247 1222.15
377 1250 226 1247.15
332 1250 211 1241.6
514 1250 299 936.9
383 1250 238 1248.5
534 1250 291 636.25
494 1250 260 1008.05
575 1250 295 1001.65
340 1250 196 1249.75
447 1250 240 1093.95
539 1250 306 805.95
407 1250 212 856.9
428 1250 257 1156.25
359 1250 234 1222.3
309 1250 199 1230.85
248 1250 235 1239.65
471 1250 225 755.85
437 1250 263 909.35
345 1250 261 1250
201 1250 127 1249.4
417 1250 245 953.95
340 1250 213 1248.65
399 1250 232 1235.4
335 1250 233 1229.05
427 1250 241 985.8
478 1250 238 1030.45
449 1250 265 1146.15
481 1250 250 995.1
328 1250 219 1145.1
414 1250 260 1089
480 1250 269 1096.35
321 1250 202 1169.45
311 1250 209 1242.7
294 1250 209 1247.05
503 1250 276 806.25
529 1250 297 924.35
421 1250 249 1051.2
385 1250 223 1250
244 1250 152 1080.35
467 1250 236 730.55
505 1250 268 721
468 1250 260 1196.25
505 1250 287 1101.1
314 1250 192 987.9
324 1250 184 1212.45
441 1250 245 1214.55
271 1250 177 1166.95
416 1250 230 904
394 1250 240 1197.3
489 1250 273 1057.7
368 1250 248 1122.1
429 1250 236 907.35
269 1250 162 1241.95
447 1250 255 1230.55
336 1250 220 1239.95
445 1250 289 1183.65
348 1250 193 1163.6
527 1250 249 774.75
414 1250 236 1128.05
319 1250 222 1249.2
495 1250 258 771.65
422 1250 245 1078.65
370 1250 262 1245.1
373 1250 205 1233.4
293 1250 180 1249.75
498 1250 260 981.9
315 1250 261 1239.55
355 1250 233 1230.15
465 1250 249 1024.5
314 1250 169 1202.95
440 1250 248 1082.3
446 1250 261 1065.85
495 1250 313 850.35
423 1250 275 1249.5
294 1250 194 1238.75
440 1250 281 1232.55
319 1250 264 1221.55
450 1250 261 1031.85
470 1250 243 1120.45
351 1250 227 1248
292 1250 219 1203.85
407 1250 260 1233.65
354 1250 229 1228.85
360 1250 218 1206.2
439 1250 252 1238.1
351 1250 248 1204.95
437 1250 261 1087.05
380 1250 221 1236.1
405 1250 236 859.05
373 1250 245 1219.35
381 1250 244 1239.6
214 1250 136 1248.2
434 1250 227 944.15
318 1250 214 1237.1
451 1250 219 1168.75
278 1250 189 1236.6
493 1250 269 1001.75
388 1250 200 1246.75
403 1250 223 1108.5
470 1250 245 1206.2
522 1250 288 903.6
349 1250 231 1250
433 1250 270 1235.95
304 1250 190 1245.2
421 1250 261 1242.1
382 1250 245 1190.6
387 1250 223 1208.2
472 1250 263 836.1
406 1250 223 1194.95
366 1250 217 1223.75
472 1250 253 988.5
425 1250 209 648.95
354 1250 213 996.4
422 1250 221 1006.25
445 1250 246 1096.8
446 1250 280 1089.15
388 1250 229 1248.9
438 1250 224 900
448 1250 248 1180.15
426 1250 265 1214.05
409 1250 230 1170.45
378 1250 255 1203.15
446 1250 274 1147.15
407 1250 253 1234.65
339 1250 227 1243.3
283 1250 185 1249.95
465 1250 245 867.1
450 1250 261 905.35
289 1250 189 1129.7
281 1250 190 1182.9
455 1250 251 712.8
493 1250 284 985
512 1250 288 849.95
453 1250 239 934.75
413 1250 234 1235.95
437 1250 264 1089.5
487 1250 267 1232.8
401 1250 209 1054.45
509 1250 292 723.4
364 1250 208 1227.9
317 1250 226 1249.3
282 1250 160 1096.7
271 1250 187 1244.5
481 1250 279 540.75
423 1250 251 1106.7
466 1250 238 1217.8
461 1250 291 1227.2
462 1250 283 987.55
429 1250 229 1241.85
482 1250 275 1014.2
478 1250 264 1130.8
526 1250 304 1000.75
451 1250 302 964.2
349 1250 208 1071.8
355 1250 239 1138.75
491 1250 254 823.2
395 1250 201 740.5
222 1250 160 1243.15
303 1250 192 1235.2
333 1250 183 1056.95
298 1250 204 1104.75
511 1250 293 986.25
458 1250 254 973.65
423 1250 235 1097.05
510 1250 278 1019.45
531 1250 279 714.3
371 1250 218 1155.15
482 1250 253 894.15
450 1250 247 970.2
329 1250 208 1221.25
429 1250 221 1131.65
394 1250 236 1063.5
436 1250 262 1239.55
163 1250 137 1240.55
266 1250 174 1193.5
390 1250 255 1203.85
345 1250 187 1126.75
440 1250 281 1163.65
476 1250 293 1202.35
434 1250 247 1187.7
407 1250 222 1072.15
487 1250 251 830.45
429 1250 244 1249.55
477 1250 304 1223.95
418 1250 262 1111.35
340 1250 218 1159.35
385 1250 236 1162.95
457 1250 294 1131.9
445 1250 256 1233.7
417 1250 240 1122.4
523 1250 277 1037.05
335 1250 198 1150.45
412 1250 234 1027.25
200 1250 156 1247.55
428 1250 259 984.65
411 1250 229 1212.05
469 1250 269 897.4
413 1250 209 1208.95
475 1250 269 1161.35
471 1250 273 1036.05
191 1250 140 1187.4
460 1250 223 852.65
496 1250 276 699.6
439 1250 237 1068.65
519 1250 265 647.4
440 1250 293 1055.55
386 1250 248 1210.95
495 1250 283 949.35
449 1250 248 1121.6
330 1250 213 1130.5
338 1250 222 1203.55
520 1250 267 1064.85
509 1250 242 906.55
344 1250 202 1217.45
289 1250 212 1243.9
383 1250 211 989.45
497 1250 278 856.85
454 1250 267 841.75
328 1250 257 1244.6
325 1250 192 1021.35
440 1250 286 1071.2
487 1250 263 1003.6
420 1250 262 937.5
420 1250 250 1055
423 1250 224 643.75
403 1250 240 1180.6
331 1250 174 1186.65
484 1250 277 1098.85
526 1250 291 896
410 1250 231 1157.35
362 1250 245 1248.25
468 1250 252 1085.15
323 1250 217 1206.8
458 1250 251 996.1
440 1250 237 768.35
441 1250 236 600.85
170 1250 118 1240.55
468 1250 234 1048.2
414 1250 230 989.85
501 1250 269 1164.95
355 1250 204 1007.95
347 1250 200 1245.2
520 1250 286 895.1
490 1250 264 814.55
399 1250 212 1249.9
402 1250 242 1154
459 1250 242 811.65
225 1250 147 1224.7
409 1250 205 1104.75
401 1250 245 1212.2
360 1250 238 1242.65
292 1250 155 1243.2
350 1250 275 1208.3
464 1250 232 828.6
469 1250 251 939.6
283 1250 199 1227.55
317 1250 213 1237.15
461 1250 250 997.1
447 1250 255 1085.45
387 1250 230 1062.2
326 1250 202 1091.2
448 1250 257 1175.75
483 1250 287 917.55
245 1250 184 1245.75
504 1250 292 718.4
422 1250 228 1071.3
464 1250 225 1187.3
491 1250 272 845
205 1250 142 1241.6
451 1250 274 1134.9
483 1250 266 1245.3
246 1250 175 1246.1
233 1250 165 1174.7
319 1250 177 1242.2
370 1250 217 1187.45
349 1250 228 1241.7
435 1250 237 1117.95
467 1250 291 672.4
478 1250 273 1118.1
296 1250 229 1247.4
518 1250 283 602.6
483 1250 270 668.75
407 1250 252 1237.35
407 1250 231 1038.6
326 1250 194 911.85
426 1250 221 1176.75
410 1250 224 979.3
396 1250 266 1230.9
371 1250 231 1209.7
377 1250 237 1239.55
512 1250 302 1055.6
291 1250 181 1246.8
414 1250 228 1223.9
369 1250 211 1114.65
456 1250 261 1090.65
313 1250 183 1019.2
463 1250 258 1220.6
425 1250 247 912.8
376 1250 263 1246.25
421 1250 248 809
535 1250 294 616.9
504 1250 294 849.45
479 1250 266 962.6
292 1250 171 1149.7
364 1250 209 1137.45
495 1250 260 1057.45
491 1250 276 765.9
333 1250 170 1238.65
404 1250 238 1200.25
303 1250 172 1196.05
402 1250 257 1249.2
272 1250 200 1249.9
403 1250 235 930.8
372 1250 209 1248.1
313 1250 207 1246.8
475 1250 288 1097.95
290 1250 185 1207
366 1250 250 1244.25
266 1250 214 1220.6
166 1250 113 1223.9
322 1250 199 1181.2
301 1250 189 1077.7
456 1250 241 972.15
455 1250 269 1206.4
409 1250 231 1099.3
445 1250 228 659.05
342 1250 193 771.85
434 1250 257 1051.7
371 1250 239 1192.85
483 1250 275 1173.1
392 1250 242 1152
454 1250 251 985.3
396 1250 215 1089.95
283 1250 178 1101.2
338 1250 219 1245.85
421 1250 217 894.05
445 1250 234 861.3
437 1250 218 642.05
411 1250 236 1122.95
374 1250 192 1066.3
459 1250 257 1133.5
406 1250 222 1223.8
331 1250 194 1243.3
402 1250 265 1174.4
487 1250 257 1125.45
268 1250 206 1249
390 1250 205 1078.25
394 1250 215 781.5
335 1250 234 1247.5
413 1250 216 715.55
424 1250 236 1097.9
479 1250 289 1043.05
500 1250 292 1062.3
317 1250 228 1249.5
479 1250 262 860.05
379 1250 209 1247.8
401 1250 232 1244.2
489 1250 274 949.85
353 1250 207 1161.2
409 1250 210 814.9
460 1250 280 957.4
215 1250 124 1092.75
284 1250 183 1227
357 1250 198 1173.2
199 1250 113 850.5
310 1250 172 1085.1
350 1250 220 1198.7
213 1250 126 1249.15
233 1250 119 933.1
324 1250 183 1026.7
349 1250 192 998.2
244 1250 156 1196.25
341 1250 221 1245.2
317 1250 180 1161.55
171 1250 107 1226.4
258 1250 153 1141.3
155 1250 120 1222.7
284 1250 185 1181.9
237 1250 134 1242.15
292 1250 179 1195.45
187 1250 109 1242.5
300 1250 166 1244
183 1250 141 1242.85
322 1250 246 1158.55
331 1250 190 1129.3
126 1250 89 1233.2
199 1250 132 1137
206 1250 140 1248.15
272 1250 187 1245.95
365 1250 213 1248.6
270 1250 185 1247.4
314 1250 200 1200.7
191 1250 153 1244.9
282 1250 202 1227.65
236 1250 117 1076.45
408 1250 227 966.1
176 1250 120 1248.45
374 1250 210 1223.55
262 1250 172 1225.4
357 1250 218 1226.6
300 1250 195 1210.4
250 1250 165 1248.8
99 1250 77 1104.2
176 1250 116 1245.1
228 1250 163 1249.8
247 1250 138 1249
315 1250 186 1183.4
389 1250 205 851.1
260 1250 139 1220
230 1250 161 1238.1
350 1250 189 1019.8
182 1250 146 1237.45
153 1250 105 1111.65
219 1250 181 1243.6
268 1250 141 1067.6
185 1250 136 1037.9
319 1250 161 1194.1
260 1250 152 1245.95
225 1250 178 1238.3
319 1250 183 1058.7
255 1250 165 1249.75
86 1250 54 1248.2
377 1250 223 1117.75
314 1250 187 1236.85
338 1250 205 1101.95
297 1250 199 1241.6
259 1250 154 811.85
199 1250 104 1031.85
203 1250 130 1248.45
330 1250 193 1225.65
259 1250 144 894.5
145 1250 122 1097
217 1250 123 1235
217 1250 120 880.05
295 1250 189 1142.25
291 1250 205 1237.35
354 1250 196 851.05
277 1250 175 1245.8
197 1250 128 1249.6
309 1250 220 1223.9
187 1250 111 1170.95
234 1250 159 1111.4
344 1250 200 1021.45
277 1250 161 933.05
258 1250 178 1232.95
400 1250 192 940.35
127 1250 82 1182.6
267 1250 162 1020.45
277 1250 144 993.2
204 1250 136 1181.7
279 1250 155 636
246 1250 131 1248.1
366 1250 232 1145.15
268 1250 173 1105.3
296 1250 163 995.6
193 1250 102 1176.6
109 1250 62 1207.4
148 1250 86 1190.4
295 1250 150 1131.05
297 1250 189 1201.45
257 1250 181 1239.15
252 1250 153 1209.7
348 1250 177 647.85
213 1250 127 1246.35
268 1250 163 1217.65
251 1250 166 1161.25
404 1250 234 1130.65
319 1250 196 1207.3
311 1250 189 1129.1
233 1250 167 1124.35
329 1250 170 886.95
204 1250 137 1142.7
304 1250 204 1158.95
190 1250 140 1139.95
227 1250 117 1132.15
258 1250 148 1222.25
349 1250 220 1228.25
368 1250 220 992.85
325 1250 185 1223.7
89 1250 70 1236.8
72 1250 53 1152
211 1250 155 1246.6
219 1250 116 1077.7
277 1250 181 1246.75
309 1250 188 1124.05
232 1250 124 765.25
338 1250 185 1187.35
367 1250 221 1191.15
273 1250 193 1197.5
234 1250 143 1123.75
224 1250 159 1244.9
317 1250 209 1214.25
414 1250 223 1044.8
328 1250 206 1169.4
350 1250 194 969.1
268 1250 181 1248.85
207 1250 149 1217.4
178 1250 116 1206.4
275 1250 157 838.65
199 1250 110 1048.85
188 1250 102 1173.95
302 1250 172 1241.6
207 1250 139 1216.85
256 1250 175 1152.35
269 1250 175 1077.45
219 1250 137 1159.7
223 1250 121 1153
310 1250 170 1239.05
149 1250 97 1192.95
273 1250 208 1242.4
207 1250 119 1106.8
150 1250 94 716.5
295 1250 181 1232.55
167 1250 116 1236.25
249 1250 145 1149.1
192 1250 111 1112
192 1250 146 1208
384 1250 202 859.9
213 1250 133 1249.6
324 1250 163 698.15
220 1250 141 1154.2
344 1250 215 1113.85
297 1250 231 1207.35
147 1250 88 1066.8
298 1250 190 1188
219 1250 116 1174.25
246 1250 182 1226.55
189 1250 140 1244.2
190 1250 112 1239.65
231 1250 157 1208.95
250 1250 174 1238.3
169 1250 110 1237
339 1250 179 972.95
339 1250 186 1162.9
230 1250 146 956.65
437 1250 246 966.75
248 1250 175 1246.8
263 1250 186 1207.7
218 1250 149 1212.5
55 1250 51 1249.9
221 1250 147 1249.1
95 1250 67 1168.4
294 1250 164 952.3
191 1250 106 1210.3
199 1250 107 786.05
291 1250 168 1238.5
178 1250 109 929.7
320 1250 184 934.95
201 1250 121 1063.55
206 1250 156 1241.25
187 1250 163 1235.4
225 1250 146 1089.4
299 1250 176 1206
233 1250 159 1246.95
311 1250 194 1246.95
247 1250 190 1242.75
368 1250 220 1184.1
248 1250 139 1234.7
93 1250 70 1160.45
290 1250 181 1240.75
226 1250 131 1233.45
375 1250 190 1133.85
164 1250 130 1248.65
370 1250 206 1068.85
144 1250 121 1249.7
229 1250 167 1248.9
372 1250 212 1162.25
294 1250 172 1198.35
285 1250 174 1063.9
147 1250 85 1075.3
189 1250 103 1214.8
274 1250 164 1108.05
318 1250 182 879.15
195 1250 166 1246.65
208 1250 146 1245.85
74 1250 58 1240.4
319 1250 194 1206.25
185 1250 140 1240.4
174 1250 124 1213.25
215 1250 133 1242.4
136 1250 119 1245
359 1250 192 1089.1
127 1250 114 1248.15
159 1250 97 1161.9
346 1250 210 997.15
157 1250 95 1148.75
151 1250 122 1197.5
232 1250 130 1248.7
324 1250 187 1248
138 1250 91 1107
271 1250 152 1011.85
269 1250 180 1247.2
264 1250 153 1037.7
270 1250 149 972.45
353 1250 217 1168.85
239 1250 147 1206
230 1250 151 1202.9
201 1250 136 1238.45
89 1250 84 1237.6
303 1250 149 714.95
293 1250 161 1246.6
253 1250 141 927.95
288 1250 158 1219.4
299 1250 174 1236.55
322 1250 189 1238.35
185 1250 108 1201.85
238 1250 154 1155.65
330 1250 214 1186.2
279 1250 177 1180.9
347 1250 176 584.35
239 1250 156 1098.1
329 1250 195 1229.15
197 1250 114 1240.85
71 1250 50 1160.05
307 1250 200 1170.6
115 1250 76 1131.05
108 1250 75 1230.15
330 1250 221 1209.7
130 1250 91 1212.9
248 1250 156 1245.4
162 1250 116 1188.85
444 1250 261 907.15
427 1250 230 1002.8
268 1250 157 1217.2
349 1250 201 1055.35
316 1250 221 1221.6
301 1250 183 1056.35
426 1250 234 1126.7
158 1250 86 1236.55
308 1250 210 1237.3
244 1250 157 1180.05
291 1250 165 1031.7
244 1250 176 1233.35
238 1250 176 1236.8
259 1250 158 1249
208 1250 146 1242.45
258 1250 189 1243.6
348 1250 182 1065.45
305 1250 159 1063.45
39 1250 21 895.15
260 1250 161 1170.3
312 1250 205 1242.5
266 1250 167 1148.8
204 1250 107 995.85
242 1250 173 1243.55
97 1250 87 1246.05
413 1250 217 1054.6
278 1250 150 1247.65
203 1250 115 1228.75
227 1250 153 1216.35
387 1250 191 963.2
315 1250 199 1081.7
335 1250 215 951.85
196 1250 95 1089.05
257 1250 182 1248.35
273 1250 159 1037.3
301 1250 162 1119.5
282 1250 147 1218.6
71 1250 50 1243.4
234 1250 189 1179.9
244 1250 153 1216
352 1250 219 1019
205 1250 142 1249.4
242 1250 124 670.1
239 1250 129 1116
110 1250 92 1241.55
138 1250 87 1241.35
297 1250 162 804.95
236 1250 143 1238.4
198 1250 136 1249.7
170 1250 116 1168.9
154 1250 84 1208.85
245 1250 134 1246.35
295 1250 173 1215.75
133 1250 76 1024.15
303 1250 185 1062.9
326 1250 187 1083.15
276 1250 188 1238.2
213 1250 116 943.45
341 1250 206 1226.45
370 1250 193 786.5
300 1250 172 1125.7
229 1250 152 1211.15
194 1250 129 1230.1
1 1250 5 0.05
254 1250 185 1195.1
147 1250 89 1104.95
160 1250 152 1242.95
175 1250 108 1214.35
244 1250 160 1183.8
343 1250 246 1249.75
337 1250 200 1210.45
204 1250 154 1241.3
141 1250 77 1129.6
178 1250 114 1239.6
255 1250 177 1159.85
187 1250 124 1184.95
210 1250 157 1245.05
326 1250 186 1057.55
240 1250 128 935.1
295 1250 183 1129.75
295 1250 146 648.6
199 1250 123 1249.75
158 1250 117 1237.35
382 1250 191 1139.95
304 1250 166 1249.2
328 1250 181 667.35
237 1250 154 1249.8
303 1250 171 959.35
239 1250 120 1079
164 1250 120 1136.55
154 1250 130 1229.7
285 1250 152 851.2
179 1250 105 986.55
354 1250 183 964.6
292 1250 230 1149.45
267 1250 186 1248.15
255 1250 140 670.5
128 1250 81 1123.05
344 1250 187 707.65
223 1250 126 1226.15
309 1250 220 1232.25
398 1250 218 1212.4
374 1250 209 983.75
233 1250 165 1065.8
186 1250 113 1128.1
326 1250 190 951
307 1250 194 1021
283 1250 218 1244.4
175 1250 102 1206.5
188 1250 104 654.95
303 1250 190 1009.6
221 1250 117 1067.8
244 1250 137 1232.15
228 1250 142 1248.75
228 1250 134 1088.9
232 1250 132 1248.75
305 1250 181 1246.6
200 1250 112 1049.15
251 1250 177 1173.9
261 1250 143 1249.25
178 1250 137 1149.6
189 1250 127 1235.75
175 1250 136 1210.85
276 1250 200 1241.25
320 1250 172 1239.65
216 1250 142 1240.3
254 1250 134 923.45
330 1250 176 1000.55
241 1250 150 1246.5
182 1250 150 1240.35
127 1250 104 1241
351 1250 174 894.9
187 1250 130 1218.2
325 1250 200 1198.5
140 1250 81 1248.3
286 1250 151 1184.35
252 1250 166 1197.55
166 1250 124 1243.15
340 1250 221 1132
239 1250 146 1190.55
239 1250 149 1246.05
269 1250 159 1247.4
234 1250 156 1201.4
259 1250 139 1137.6
283 1250 216 1249.5
243 1250 145 1002.35
216 1250 163 1249.85
238 1250 143 1189.7
333 1250 171 1220.05
168 1250 99 1239.85
356 1250 186 844.15
365 1250 208 1247.9
196 1250 118 1149.25
155 1250 128 1235.8
176 1250 130 1245.9
203 1250 133 1155.1
315 1250 203 1248.7
264 1250 161 1161.3
324 1250 213 1198.85
229 1250 140 1247.9
143 1250 98 1236.55
306 1250 193 1249.85
256 1250 140 1051
271 1250 178 1159.65
164 1250 99 768.3
330 1250 189 989.05
155 1250 107 1244.75
267 1250 148 1142.1
104 1250 60 1007.1
186 1250 141 1246.9
189 1250 132 1242.35
254 1250 157 1117.2
123 1250 72 1247.15
267 1250 169 1249.75
273 1250 153 957.1
257 1250 158 1249.65
282 1250 168 675.9
256 1250 152 1246.85
212 1250 119 1249.45
241 1250 139 1249.85
300 1250 148 730.75
273 1250 157 1207.4
211 1250 122 1171.95
303 1250 151 1028.95
370 1250 208 990.1
302 1250 197 1195.3
304 1250 174 1234.05
164 1250 99 1099.35
132 1250 83 1248.45
230 1250 139 1030.6
350 1250 209 1077.25
295 1250 193 1238.9
159 1250 101 1248.3
278 1250 177 1205.9
117 1250 58 1164.55
339 1250 189 1240.65
232 1250 124 873.35
227 1250 137 1236.35
213 1250 143 1176.15
222 1250 142 1215.45
211 1250 130 1244.25
328 1250 208 1182.3
296 1250 169 1209.6
221 1250 146 1247.5
213 1250 136 1244.25
254 1250 157 1143.3
337 1250 177 1177.45
243 1250 139 1232.85
187 1250 112 1149
319 1250 178 1158.5
337 1250 201 789.4
400 1250 239 1028.4
282 1250 180 1239.8
316 1250 193 1243.35
183 1250 95 1195.6
160 1250 102 1172.6
227 1250 144 1217.25
179 1250 129 1207.85
265 1250 207 1242.35
225 1250 130 1191.3
188 1250 142 1249.15
329 1250 178 1178
389 1250 210 839.05
251 1250 118 926
178 1250 137 1195.25
271 1250 157 1169.45
356 1250 180 1109.05
360 1250 259 1237.35
118 1250 85 1247.05
160 1250 94 1153.05
131 1250 106 1245.55
213 1250 153 1222.55
174 1250 99 1242.3
249 1250 168 1062.35
167 1250 87 1196.1
145 1250 97 1240.1
142 1250 125 1240.65
348 1250 175 1091.45
331 1250 176 1122.1
258 1250 201 1248.35
135 1250 83 684
171 1250 119 1248.35
181 1250 89 698.7
120 1250 69 546.5
136 1250 77 1249.7
202 1250 148 1246.5
101 1250 56 1029.8
97 1250 65 1128.7
76 1250 37 439
122 1250 84 1231.65
74 1250 38 916
165 1250 85 879.2
161 1250 106 1243.25
159 1250 94 765.45
131 1250 96 1233.3
89 1250 52 712.35
73 1250 39 1226.45
64 1250 37 885.65
87 1250 63 1024.35
182 1250 93 1250
74 1250 57 1218.05
159 1250 106 1247.6
107 1250 83 1197.15
77 1250 67 1216.7
80 1250 44 1154.25
121 1250 75 1233.05
135 1250 98 1249.6
131 1250 68 1236.1
134 1250 93 1227.15
134 1250 97 1231.65
3 1250 7 202.15
84 1250 50 970
125 1250 61 509.8
165 1250 83 1161.85
11 1250 9 19.6
158 1250 95 1108.75
206 1250 128 1198
144 1250 91 1038.35
105 1250 80 1212.85
46 1250 30 981.5
187 1250 107 1162.2
157 1250 110 1146.7
133 1250 86 965.95
174 1250 120 1247.65
152 1250 79 869.95
128 1250 74 1204.05
62 1250 44 1169
211 1250 121 1207.75
176 1250 113 962.8
247 1250 142 1222.7
38 1250 23 1224.05
184 1250 105 1200.15
107 1250 55 1247.2
162 1250 99 1126.35
293 1250 180 1124.05
40 1250 36 1134.3
129 1250 90 1028.15
166 1250 99 1181.8
59 1250 46 1219.95
206 1250 115 1077.15
175 1250 109 1173.55
126 1250 85 1246.05
118 1250 86 1203.3
85 1250 54 1058.35
123 1250 60 1247.2
68 1250 47 1242.05
170 1250 100 1249.75
163 1250 80 1024.05
188 1250 120 1236.95
190 1250 94 723.75
142 1250 84 1031.05
221 1250 129 1160.95
95 1250 67 1233.75
139 1250 87 919.45
84 1250 49 1242.3
303 1250 172 1184.45
180 1250 120 1185.8
106 1250 66 701.55
143 1250 119 1192.25
172 1250 93 1011.7
180 1250 119 1226.25
121 1250 96 1150.9
287 1250 153 1099.5
127 1250 109 1237.35
168 1250 87 1024.55
138 1250 82 821.65
63 1250 61 1211.9
116 1250 76 1163.4
177 1250 110 1175.35
126 1250 102 1226.85
180 1250 95 1094.45
129 1250 72 946.35
210 1250 137 1188.55
170 1250 91 921
58 1250 37 753.05
210 1250 120 663.4
92 1250 88 1170.6
144 1250 92 1211.2
174 1250 105 1245
62 1250 49 1197.55
212 1250 121 1156.7
136 1250 62 870.75
54 1250 30 1175.15
107 1250 74 1212.45
106 1250 68 884
95 1250 82 1238.6
158 1250 83 733.75
155 1250 102 1097.1
152 1250 91 1236.35
94 1250 77 1205
28 1250 21 1244.75
176 1250 118 1121
197 1250 116 1061.05
128 1250 61 959.3
230 1250 130 1041.7
206 1250 111 593.15
116 1250 64 1215.85
197 1250 129 1146.9
64 1250 42 1188.8
110 1250 100 1221
104 1250 67 1249.75
126 1250 79 1125.2
100 1250 49 1159.3
68 1250 47 1111.25
37 1250 34 1247.2
33 1250 17 814.65
170 1250 104 1161
122 1250 67 1181.2
84 1250 45 649.15
64 1250 35 664
218 1250 124 1189.8
143 1250 92 1232.95
109 1250 75 1219
117 1250 85 1245.2
186 1250 113 1207.4
95 1250 72 1199.85
196 1250 110 1221.05
108 1250 52 1229.1
161 1250 85 858.3
183 1250 113 1245.9
222 1250 138 1227.8
84 1250 59 1220.05
117 1250 82 1054.95
139 1250 75 815.15
202 1250 134 1109.3
254 1250 146 973.1
199 1250 158 1212.65
107 1250 58 641.25
137 1250 100 1246.9
170 1250 103 1081.55
136 1250 120 1243.65
127 1250 92 1248.45
182 1250 120 1198.3
75 1250 45 1247.1
80 1250 49 1176.6
87 1250 50 856.5
164 1250 99 1193.45
180 1250 127 1161.2
211 1250 109 892.35
96 1250 70 1203.9
134 1250 90 1001.9
123 1250 74 1244.45
137 1250 80 1102.4
155 1250 106 1232.85
128 1250 62 1168.75
122 1250 64 1123.85
56 1250 36 1148.8
52 1250 32 827.85
174 1250 103 1118.65
52 1250 33 1238.45
59 1250 52 1187.45
134 1250 101 1246.65
163 1250 96 1001.7
139 1250 107 1233.8
94 1250 66 1214.6
143 1250 80 989.1
165 1250 112 1174.15
212 1250 132 1173.2
193 1250 107 1245.8
138 1250 76 1235.6
161 1250 104 1076.35
55 1250 42 1249.6
85 1250 59 1180.75
112 1250 66 1178.75
213 1250 130 1199.6
100 1250 70 1181.7
41 1250 23 1222.55
90 1250 50 933.4
115 1250 63 576.65
197 1250 145 1226.3
113 1250 59 948.85
114 1250 75 1120.35
146 1250 94 1140.55
189 1250 98 885.5
198 1250 107 1104.95
184 1250 114 1170.85
125 1250 74 1232.6
138 1250 75 1162.7
193 1250 104 870.05
242 1250 152 1185.55
130 1250 69 712.85
175 1250 109 809.55
135 1250 91 1078.1
178 1250 121 1208.8
113 1250 77 1246.15
147 1250 90 1063.15
144 1250 85 1185.2
93 1250 58 1214.7
176 1250 97 1042.55
201 1250 118 1130.15
102 1250 58 699.75
180 1250 124 1202.15
142 1250 88 1100.6
173 1250 114 1203.7
133 1250 67 1005.7
57 1250 27 764.8
63 1250 50 1207.25
129 1250 75 1246.9
195 1250 107 1091.4
141 1250 78 834.8
204 1250 118 1183.3
24 1250 20 668.6
167 1250 105 1172.4
16 1250 17 789.55
82 1250 65 1112.05
52 1250 40 988.7
174 1250 109 1133.35
135 1250 75 1165.45
58 1250 45 1227
198 1250 100 1010.5
175 1250 123 1247.65
90 1250 64 1240.2
265 1250 162 1219.7
44 1250 25 518.3
151 1250 92 1066.85
117 1250 91 1243
95 1250 60 1007.8
142 1250 80 679.8
92 1250 47 1227.15
60 1250 38 1247.8
72 1250 42 1236.6
149 1250 82 1125.15
82 1250 87 1247.1
151 1250 106 1248.4
234 1250 129 1130.4
146 1250 74 1226.85
91 1250 66 1138.15
115 1250 69 1244.25
96 1250 88 1248.9
28 1250 27 1245.1
116 1250 82 1152.8
154 1250 121 1249.2
154 1250 86 1112.85
135 1250 79 1154.15
124 1250 78 1150.8
62 1250 50 1195.65
99 1250 66 1190.6
84 1250 55 1223.15
135 1250 84 949.15
139 1250 73 1238.5
27 1250 27 1184.15
186 1250 114 1242.85
160 1250 97 1114.45
142 1250 76 1211
137 1250 72 1011.45
177 1250 106 1240.05
112 1250 78 1226.85
119 1250 82 1137.7
120 1250 60 1117.8
87 1250 52 1235.8
97 1250 71 1239.5
107 1250 77 1181.2
55 1250 37 1211.9
53 1250 28 726.55
5 1250 14 32.7
54 1250 38 1152.55
263 1250 171 1234.5
8 1250 16 121.55
235 1250 130 855.9
133 1250 75 918.35
11 1250 17 232.7
127 1250 65 1117.35
183 1250 105 1104.9
125 1250 82 856.85
97 1250 78 1247.7
85 1250 72 1195.8
112 1250 79 1249.6
136 1250 69 810.7
223 1250 138 1005.7
138 1250 85 1028.35
173 1250 106 1072.6
25 1250 17 719.35
161 1250 87 1182.05
200 1250 119 884.25
150 1250 107 1232.75
112 1250 68 933.1
193 1250 113 868.45
230 1250 152 1248.15
73 1250 42 861.55
74 1250 51 1083.8
124 1250 71 892.8
181 1250 129 1243.6
131 1250 97 1045.2
123 1250 88 1246.55
43 1250 33 1247.55
68 1250 49 810.1
216 1250 141 1142.1
97 1250 57 1106.35
207 1250 156 1247.6
88 1250 53 1208.65
159 1250 109 1183.1
155 1250 102 1245.95
125 1250 68 990.9
96 1250 84 1243.6
90 1250 56 917.9
123 1250 75 1116.55
52 1250 31 671.6
179 1250 107 1215.7
108 1250 76 1103.15
245 1250 150 1179.8
182 1250 115 1234.15
146 1250 80 826.7
153 1250 110 1243.8
130 1250 94 1217.1
228 1250 136 1195.05
95 1250 74 1245.35
175 1250 101 1233.15
126 1250 70 688.25
84 1250 50 1085.05
78 1250 38 845.1
173 1250 93 1026.1
152 1250 102 1242.25
42 1250 29 1107.95
128 1250 84 874.7
163 1250 96 817
27 1250 26 1234.3
89 1250 62 1159.3
197 1250 98 994.4
229 1250 128 973.15
105 1250 53 919.5
139 1250 86 1245.7
117 1250 62 801.3
153 1250 83 1248.05
141 1250 96 952.4
53 1250 32 1010.4
158 1250 131 1241.25
42 1250 29 1202.65
204 1250 122 1207.4
84 1250 51 1098.2
103 1250 68 860.3
152 1250 93 897.3
211 1250 139 1230.35
175 1250 102 1170.9
142 1250 90 1249.45
218 1250 134 1101.75
68 1250 43 780
166 1250 96 1063.45
206 1250 122 1032.15
123 1250 80 1079.4
155 1250 87 838.2
107 1250 49 788.35
91 1250 98 1248.9
39 1250 33 1236.7
164 1250 109 1166.65
110 1250 75 1133.65
189 1250 130 1096
178 1250 100 830
192 1250 104 1113.85
126 1250 78 1188.15
264 1250 143 1162.75
75 1250 43 1174.05
64 1250 42 894.45
123 1250 79 1243
181 1250 120 807.9
211 1250 130 1119.55
109 1250 61 1191.1
234 1250 156 1234.85
129 1250 114 1210.7
245 1250 148 1078.7
133 1250 77 1105.4
102 1250 69 1244.25
65 1250 49 1106.95
132 1250 109 1184.45
94 1250 65 1141.2
154 1250 103 1199.45
20 1250 25 1243.2
150 1250 93 1246.8
134 1250 83 771.7
191 1250 105 1052.6
79 1250 41 949.2
123 1250 89 1250
181 1250 102 1149.15
166 1250 95 1044.45
151 1250 93 1237.95
159 1250 80 967.75
200 1250 142 1192.9
171 1250 100 943.45
121 1250 73 1249.1
173 1250 114 1249.1
67 1250 45 1231.2
166 1250 91 648.4
180 1250 128 1229.3
109 1250 82 1243.4
154 1250 94 1214.75
112 1250 89 1241.8
252 1250 152 934.2
163 1250 75 1228.75
125 1250 74 1230
114 1250 76 1222.7
64 1250 57 1244.6
136 1250 85 1046.7
183 1250 123 1163.7
25 1250 22 587.5
86 1250 60 1227.75
243 1250 165 1202.75
177 1250 119 1003.7
235 1250 117 633.6
214 1250 135 1198.85
223 1250 138 1025.7
128 1250 72 1174.65
84 1250 71 1236.35
153 1250 100 1233.85
136 1250 91 1243.35
65 1250 38 1194.75
127 1250 65 750.55
193 1250 104 1099.15
51 1250 35 1245.25
15 1250 16 1212.8
97 1250 60 1230.1
106 1250 61 946.6
193 1250 114 1249.5
139 1250 104 1228.8
135 1250 99 1240.8
104 1250 84 1241.8
120 1250 89 1248.75
118 1250 84 1190.7
156 1250 98 975.45
199 1250 107 957.3
150 1250 96 1209.05
197 1250 124 1179.95
56 1250 31 846.5
194 1250 122 1227.3
76 1250 38 1088.2
102 1250 55 1246.15
151 1250 96 1249.6
52 1250 41 312.5
108 1250 81 1180.4
109 1250 58 1202.7
237 1250 154 1196.45
122 1250 95 1249.7
132 1250 76 1185.5
71 1250 44 878.35
208 1250 114 1030.5
183 1250 128 1229.95
116 1250 76 1231.2
132 1250 111 1248.05
183 1250 120 1183.95
148 1250 101 1146.85
78 1250 67 1234.15
205 1250 117 1202.65
186 1250 128 1245.95
111 1250 59 860.25
67 1250 32 955.15
256 1250 152 1029.15
141 1250 91 1087.45
114 1250 95 1249.2
272 1250 140 1046.15
227 1250 139 1224.6
116 1250 72 1218.75
106 1250 77 1245.1
188 1250 127 1135.5
140 1250 83 1219.6
93 1250 78 1249.45
113 1250 71 1158.3
111 1250 90 1186.75
157 1250 113 1218.25
100 1250 60 1120.25
44 1250 26 1191.1
94 1250 55 1232.25
128 1250 83 1049.2
46 1250 47 1199.15
80 1250 51 994.65
114 1250 84 1231.2
83 1250 43 1069.65
80 1250 71 1228.4
80 1250 47 496
197 1250 123 921.6
118 1250 87 1244.15
93 1250 66 1247.55
199 1250 115 1039.65
156 1250 88 1249.45
181 1250 102 1233.95
145 1250 77 1021.55
91 1250 63 1232.2
128 1250 99 1202.25
41 1250 28 826.6
202 1250 143 1069.75
157 1250 96 937.9
116 1250 64 887
123 1250 82 1249.6
88 1250 54 851.35
68 1250 45 1127.9
50 1250 29 613.9
82 1250 50 947.8
99 1250 60 1108.9
64 1250 38 677.95
63 1250 36 324.35
67 1250 45 845.9
100 1250 68 965.5
53 1250 31 938.1
95 1250 55 758.7
83 1250 49 870.65
77 1250 47 803.9
101 1250 67 1218.55
125 1250 72 708.35
55 1250 42 849.05
51 1250 28 939.3
33 1250 25 303.8
102 1250 49 971.15
109 1250 67 1028.8
129 1250 79 1201.55
60 1250 44 1249.3
92 1250 65 1064.9
11 1250 9 676.05
137 1250 83 1109.85
9 1250 12 1248.5
25 1250 21 332.85
76 1250 53 1198.85
101 1250 50 949
73 1250 59 1243.7
29 1250 22 650.05
122 1250 77 702.95
47 1250 31 848.75
31 1250 24 1042.45
102 1250 78 1214.85
31 1250 30 1237.65
25 1250 21 516.5
46 1250 28 582.25
65 1250 40 925.25
58 1250 46 1231.7
36 1250 24 373.15
63 1250 42 990.35
54 1250 34 680.85
55 1250 32 575.2
141 1250 92 1244.3
12 1250 16 84.25
37 1250 37 353.6
53 1250 46 1229.5
59 1250 34 1018.6
40 1250 39 1215.15
56 1250 58 1225.65
103 1250 55 1073.7
63 1250 47 929.6
34 1250 23 1081.25
110 1250 57 617.95
49 1250 31 449.15
81 1250 47 1100.4
115 1250 73 1144.25
85 1250 47 1200.85
50 1250 39 1249.5
107 1250 62 1048.8
3 1250 13 24.25
61 1250 36 1036.9
98 1250 52 1249.8
32 1250 17 562.1
89 1250 66 1082
64 1250 52 1234.2
55 1250 32 1122.75
65 1250 34 1239.7
92 1250 54 1130.45
62 1250 45 898.1
56 1250 49 1205.05
47 1250 49 1227.2
5 1250 9 0.05
93 1250 65 510.8
83 1250 60 1215.3
21 1250 15 1240.55
91 1250 50 977.15
79 1250 56 894.15
17 1250 22 294.15
68 1250 50 1235.8
62 1250 44 1233.8
55 1250 29 1081.4
43 1250 30 874.2
75 1250 48 1247.45
123 1250 62 889.7
27 1250 20 1145.6
57 1250 41 459.7
23 1250 16 467.3
45 1250 34 1157.8
67 1250 36 1139.2
25 1250 22 1228.95
37 1250 28 248.75
49 1250 47 1229.45
71 1250 50 1248.5
97 1250 58 1182.9
48 1250 38 1203.15
102 1250 59 1171.3
12 1250 12 25.75
55 1250 31 798.85
88 1250 53 1005.7
43 1250 40 441.1
79 1250 46 1249.4
17 1250 15 261.9
57 1250 46 421.7
113 1250 68 1023.8
107 1250 56 627.35
88 1250 52 1105.3
110 1250 64 1011.9
105 1250 59 1230.9
45 1250 27 1194.8
82 1250 55 1250
58 1250 35 630.45
71 1250 60 1098.85
28 1250 19 1140.4
48 1250 25 850.2
29 1250 20 691.6
107 1250 75 1160.6
102 1250 57 948.55
65 1250 39 1146.25
115 1250 57 1196.3
157 1250 113 1218.05
45 1250 37 1142.35
80 1250 53 988.45
56 1250 29 975.6
53 1250 46 295.95
76 1250 45 824.2
70 1250 48 299.25
9 1250 13 177.25
144 1250 90 1226.6
35 1250 23 396.05
91 1250 53 961.15
49 1250 27 1033.25
44 1250 42 477.15
106 1250 93 1216.6
23 1250 20 304.5
93 1250 75 1242.2
2 1250 9 36.6
83 1250 49 1065.85
71 1250 41 1248.3
130 1250 90 1175.05
77 1250 49 564.65
43 1250 33 1210
69 1250 41 500.75
73 1250 48 550.5
95 1250 57 1164.9
96 1250 48 1055
44 1250 33 1150.5
10 1250 9 722.5
51 1250 27 1050.95
94 1250 47 516.7
96 1250 49 641.55
25 1250 19 1033.95
34 1250 22 629
14 1250 15 102.8
110 1250 69 1073.25
35 1250 26 459.65
84 1250 45 1169.35
40 1250 24 296.75
43 1250 25 1210.55
73 1250 44 855.5
32 1250 24 942.35
155 1250 103 1039.85
41 1250 29 950.3
27 1250 17 669.2
64 1250 36 527.1
95 1250 66 1077.55
78 1250 55 1238.35
65 1250 37 708.3
76 1250 39 399.7
18 1250 15 265.6
2 1250 6 79.85
49 1250 23 696.7
76 1250 57 1235.05
84 1250 50 1048.8
78 1250 52 977.55
61 1250 54 1249.95
51 1250 27 1102.4
150 1250 75 446.85
136 1250 68 1169.55
145 1250 75 1031.1
70 1250 48 696.85
105 1250 59 1241.65
79 1250 49 953.75
58 1250 36 888.6
29 1250 16 437.05
112 1250 71 1077
88 1250 54 1070.4
39 1250 36 1249.1
156 1250 85 950.55
94 1250 64 1247.3
98 1250 56 663.2
47 1250 29 161.7
38 1250 21 969
71 1250 62 1121.5
60 1250 41 683.45
94 1250 75 1245.4
63 1250 39 921.5
42 1250 28 1235.25
18 1250 13 193.8
26 1250 17 1101.5
164 1250 113 1222.75
69 1250 34 847.7
46 1250 37 780.1
17 1250 9 791.9
87 1250 64 1246.35
32 1250 23 649.95
18 1250 20 370.8
43 1250 28 580.25
49 1250 29 1194.5
79 1250 60 1082.4
103 1250 74 1232.35
44 1250 27 889.45
61 1250 38 587.6
87 1250 48 799.6
134 1250 72 887.75
75 1250 48 1246.95
95 1250 67 754
45 1250 40 1198
123 1250 83 1174.05
89 1250 57 1194.25
76 1250 47 981.9
35 1250 20 166.85
61 1250 35 858.4
94 1250 58 821.8
89 1250 52 1072.85
17 1250 17 271.1
127 1250 84 1198.8
91 1250 54 1056.95
39 1250 22 940.55
48 1250 33 1248.5
96 1250 48 1212.2
76 1250 45 1185.1
91 1250 71 1243.15
11 1250 18 320.15
35 1250 28 1227.5
107 1250 74 1035.55
67 1250 34 605.95
71 1250 46 1198.95
48 1250 31 642.25
59 1250 30 931.85
38 1250 27 1237.9
15 1250 9 45.7
41 1250 23 225.15
101 1250 68 1238
43 1250 32 422.2
101 1250 57 990.45
33 1250 25 996.45
75 1250 65 1208.15
29 1250 22 1222
111 1250 71 1235.5
107 1250 67 563.05
20 1250 16 128.5
95 1250 56 1106.15
114 1250 63 769.7
76 1250 51 793.55
62 1250 40 905.85
75 1250 41 822.15
49 1250 26 1113.55
66 1250 49 280.1
35 1250 18 833.7
43 1250 25 335.55
73 1250 45 1241.15
72 1250 35 1028.95
62 1250 33 1003.35
67 1250 42 515.1
50 1250 29 1171.65
57 1250 45 1174.9
25 1250 26 312.75
134 1250 88 1185.25
81 1250 57 1041.95
75 1250 35 1068.35
30 1250 26 624.75
30 1250 23 1112.65
121 1250 60 765.4
15 1250 16 1129.75
55 1250 30 233
52 1250 38 683.6
83 1250 43 1190.45
107 1250 70 804.4
59 1250 30 256.45
73 1250 43 762.25
75 1250 40 542.65
38 1250 23 820.25
93 1250 60 660.3
26 1250 21 360.45
60 1250 38 996.85
109 1250 57 1232.15
75 1250 46 1181.95
85 1250 53 612
6 1250 8 311.2
55 1250 32 625.6
42 1250 31 127.95
103 1250 75 1214.55
71 1250 53 1151.35
12 1250 13 43.1
85 1250 61 1147.05
118 1250 76 1140.1
30 1250 19 850.2
54 1250 44 1187.6
75 1250 44 1061.1
80 1250 64 1241.05
113 1250 85 1213.4
21 1250 20 798.3
93 1250 60 1202.55
91 1250 57 1174.7
91 1250 47 1004.15
118 1250 70 700.3
104 1250 60 988.15
91 1250 59 1225.25
110 1250 52 702.6
118 1250 73 925.1
75 1250 52 1248.4
61 1250 44 1205.2
76 1250 49 1230.25
0 1250 7 220.75
85 1250 67 1138.85
32 1250 20 779.6
102 1250 62 970.05
136 1250 86 1047.3
75 1250 48 1123.55
92 1250 68 1232.9
60 1250 38 1104.6
24 1250 17 938.15
123 1250 64 1178.75
39 1250 21 1026
73 1250 57 966.45
15 1250 23 111
28 1250 18 1161.2
79 1250 58 1241
74 1250 46 841.5
87 1250 63 1239
30 1250 15 267.15
118 1250 78 1219.05
57 1250 40 1125.05
100 1250 53 848.65
115 1250 65 1111
142 1250 88 1182.55
72 1250 44 1139.3
120 1250 63 988.35
144 1250 80 754.4
17 1250 16 897.05
28 1250 29 575.4
40 1250 34 1249.15
46 1250 29 832.45
114 1250 73 1153.1
21 1250 22 1215.55
134 1250 69 1056.35
24 1250 23 123.15
11 1250 16 1203.7
53 1250 41 995.85
34 1250 37 155.1
195 1250 107 1096.75
52 1250 38 592.5
21 1250 15 165.95
57 1250 47 637.7
41 1250 28 694.75
71 1250 43 944.3
16 1250 9 54.35
3 1250 14 234.35
100 1250 68 1134.7
85 1250 54 1225.5
122 1250 68 973.05
25 1250 25 1230.15
73 1250 46 1142.75
41 1250 31 549.75
23 1250 26 1242.9
133 1250 85 1128.35
46 1250 24 1083.2
31 1250 27 693.2
43 1250 27 1129.2
77 1250 38 977.7
64 1250 53 1237.4
14 1250 15 1249
47 1250 30 1005.05
3 1250 9 35.65
7 1250 10 484.55
73 1250 37 732.5
84 1250 51 1209.1
113 1250 69 1057.25
67 1250 43 843.75
57 1250 33 1059.7
83 1250 63 1202.2
77 1250 53 1176.1
69 1250 48 1080.25
121 1250 86 1237.8
56 1250 37 276.25
129 1250 69 956.1
49 1250 44 1249.55
41 1250 21 430.95
30 1250 26 991.35
139 1250 72 836.85
173 1250 116 1084.3
25 1250 25 196.5
87 1250 48 776.5
131 1250 83 1153.7
110 1250 63 513
35 1250 31 684.8
59 1250 30 944
116 1250 84 1189.6
1 1250 2 0.05
101 1250 61 908.05
52 1250 32 512.5
22 1250 25 1247.45
77 1250 49 1115.85
20 1250 13 479.85
101 1250 54 435.2
64 1250 41 1174.6
42 1250 27 922.85
104 1250 59 430.35
108 1250 83 1238.4
36 1250 22 534.55
76 1250 49 1237
47 1250 40 1118.75
16 1250 26 178.8
54 1250 36 1225.15
76 1250 48 1125.35
109 1250 67 1232.1
106 1250 64 1136.6
121 1250 67 1172.6
53 1250 33 1064
91 1250 50 950.6
61 1250 34 1087.55
24 1250 14 747.75
83 1250 61 1219.75
80 1250 49 411.15
140 1250 76 1008.75
102 1250 69 1067.95
57 1250 43 1232.4
50 1250 34 663.35
111 1250 68 1093.95
89 1250 57 1187
61 1250 34 725.2
145 1250 76 745.45
132 1250 74 1125.4
66 1250 35 1128.35
40 1250 40 1244.95
56 1250 37 1233.25
42 1250 25 800.7
172 1250 107 1172.4
32 1250 27 804.6
67 1250 43 896.5
87 1250 64 1249.7
146 1250 84 1050.5
142 1250 101 1236.5
67 1250 38 693.95
137 1250 87 860.5
57 1250 45 1216.65
144 1250 86 1057.5
35 1250 28 1243.75
62 1250 36 828.85
10 1250 16 92.05
50 1250 29 1118.05
105 1250 70 1141.7
81 1250 44 647.5
58 1250 65 1244.25
81 1250 41 964.65
111 1250 65 1225.75
73 1250 47 598.6
91 1250 52 860.8
116 1250 79 937.85
38 1250 48 1248.15
60 1250 37 1109
63 1250 35 1072.6
110 1250 70 1172.35
20 1250 18 1225.5
39 1250 35 1129.5
97 1250 55 772.95
115 1250 81 1233.7
111 1250 63 711.8
68 1250 40 775.3
42 1250 27 202.65
63 1250 39 1229.4
85 1250 59 1216.3
60 1250 33 1248.1
121 1250 76 931.85
42 1250 27 1045.15
51 1250 33 642.65
42 1250 30 173.4
129 1250 83 1222.8
101 1250 56 998.45
38 1250 30 1242.15
1 1250 5 0.05
78 1250 36 805.05
