674 1250 755 117.25
675 1250 753 134.05
706 1250 744 126
681 1250 738 111.8
678 1250 702 113.7
678 1250 784 105.5
680 1250 694 105.75
709 1250 679 106.3
694 1250 772 90.55
661 1250 730 117.4
677 1250 737 130.25
669 1250 693 141.15
686 1250 739 109.4
689 1250 700 129.85
688 1250 754 112.75
682 1250 740 117
688 1250 749 98.45
705 1250 713 109.5
721 1250 817 95.7
687 1250 768 103.4
673 1250 710 143.15
693 1250 749 114.75
672 1250 717 128.55
700 1250 754 121.55
666 1250 785 90.4
684 1250 726 128.55
683 1250 771 106.45
680 1250 750 116.5
660 1250 757 107.8
682 1250 684 132.9
688 1250 745 125.55
695 1250 767 96.85
665 1250 737 100.6
714 1250 757 108.35
683 1250 780 100.4
699 1250 731 133.2
675 1250 728 159.15
679 1250 734 95.7
672 1250 744 131.05
708 1250 805 104.4
677 1250 716 111.3
702 1250 761 92.25
704 1250 767 98.6
680 1250 783 77.3
698 1250 769 82.55
713 1250 727 113.4
690 1250 770 125.45
684 1250 780 111.8
690 1250 721 101.35
697 1250 718 104.85
707 1250 751 98.6
693 1250 727 110.45
694 1250 708 188.4
663 1250 735 110.65
690 1250 772 100.2
686 1250 795 84.65
690 1250 759 104.8
666 1250 711 113.95
688 1250 752 110.75
686 1250 753 105.45
685 1250 713 123.95
680 1250 780 100
681 1250 750 119.05
683 1250 755 100.7
691 1250 757 110.55
672 1250 773 112.55
694 1250 754 86.4
699 1250 723 132.25
705 1250 751 115.5
692 1250 709 117.8
684 1250 780 106.1
704 1250 780 127.45
691 1250 753 138.45
692 1250 752 90.95
699 1250 722 120.95
683 1250 708 160.55
676 1250 790 92.05
698 1250 713 139.15
676 1250 749 82.3
710 1250 783 96.7
711 1250 707 100.75
666 1250 741 115.9
722 1250 743 104.3
715 1250 754 89.2
682 1250 741 97.7
694 1250 756 129.7
677 1250 789 102.8
698 1250 819 79.7
708 1250 743 110.85
701 1250 722 114.2
681 1250 678 150.6
675 1250 732 131.65
692 1250 774 97.4
673 1250 708 148.35
679 1250 713 151.2
690 1250 793 86.9
678 1250 744 117.1
712 1250 698 99
699 1250 792 106.05
706 1250 773 115.85
680 1250 737 131.55
702 1250 740 140.9
680 1250 708 133.3
691 1250 720 112.55
692 1250 686 120
689 1250 769 115.75
693 1250 782 116.8
690 1250 744 121.95
699 1250 750 91.7
665 1250 761 99.1
688 1250 688 132.65
706 1250 788 103.55
643 1250 764 110.25
667 1250 726 141.6
702 1250 758 135.6
656 1250 734 133.95
690 1250 715 120.3
693 1250 793 100.5
697 1250 687 108.65
690 1250 740 89.15
692 1250 765 112.05
694 1250 740 121.7
674 1250 739 117.5
678 1250 713 156.4
710 1250 692 139.95
707 1250 783 102.85
701 1250 714 124.6
673 1250 664 135.95
694 1250 773 128.3
688 1250 717 159.8
696 1250 755 122.6
687 1250 729 107.85
686 1250 794 82.95
687 1250 750 119.1
685 1250 785 93.15
659 1250 746 110.1
667 1250 721 100.85
716 1250 738 104.25
687 1250 720 114.3
678 1250 759 91.05
692 1250 752 97.6
697 1250 720 147.7
664 1250 805 77.55
699 1250 695 121.6
711 1250 684 120.65
684 1250 727 127.65
691 1250 771 150.3
675 1250 763 105.1
685 1250 750 114.2
689 1250 716 90.85
688 1250 787 88.4
673 1250 748 101.85
674 1250 679 154.5
681 1250 769 104.4
665 1250 699 138.2
709 1250 715 131.05
693 1250 763 88.75
687 1250 769 88.75
690 1250 717 106.35
706 1250 741 138.95
693 1250 715 129.8
667 1250 772 91.6
688 1250 754 111.1
698 1250 732 127.15
674 1250 756 99.45
669 1250 720 124.85
701 1250 773 134.7
695 1250 779 77.15
699 1250 756 102.95
698 1250 790 95.4
685 1250 730 87.15
669 1250 757 110.65
707 1250 787 107.45
672 1250 756 120.05
664 1250 725 129
665 1250 785 114
687 1250 745 126.95
705 1250 683 132.75
672 1250 738 114
678 1250 738 118.8
686 1250 708 121.5
707 1250 766 130.5
702 1250 705 144.3
656 1250 719 140.8
679 1250 724 125.65
664 1250 739 119.5
681 1250 770 117.65
695 1250 736 100.4
659 1250 782 100.85
658 1250 714 159.1
671 1250 771 110.55
673 1250 729 118.05
688 1250 717 109.9
721 1250 714 122.1
701 1250 724 118.15
673 1250 748 97.45
680 1250 743 97.35
678 1250 798 109.5
667 1250 730 106.7
703 1250 755 113.6
703 1250 781 119.15
671 1250 827 104.05
700 1250 773 119.35
684 1250 742 141.65
676 1250 807 88.6
692 1250 759 110.25
682 1250 670 155.1
688 1250 695 97.3
670 1250 770 101.85
699 1250 741 92.9
695 1250 774 126.55
664 1250 776 95.85
699 1250 744 118.4
689 1250 713 165.25
704 1250 750 113.45
686 1250 762 144.65
678 1250 769 139.65
674 1250 790 94.35
678 1250 707 143.25
697 1250 758 119.05
714 1250 791 109.7
669 1250 659 150.75
694 1250 773 110.35
687 1250 730 112.05
671 1250 757 115.45
645 1250 703 119.75
681 1250 808 99.95
686 1250 770 104.95
691 1250 740 105.4
690 1250 737 98.2
683 1250 656 185.05
684 1250 747 131.05
704 1250 798 84.35
675 1250 783 114.95
684 1250 751 119.35
686 1250 735 128.75
671 1250 733 98
643 1250 749 114.05
681 1250 800 101.6
685 1250 696 137.7
687 1250 729 109.05
665 1250 807 87
683 1250 774 83.5
710 1250 747 96.4
668 1250 734 117.05
659 1250 786 76.75
694 1250 735 124.1
680 1250 765 108.85
704 1250 743 118.4
695 1250 789 104.5
660 1250 772 91.2
682 1250 763 103.45
701 1250 757 106.75
684 1250 760 91.55
668 1250 752 141.15
666 1250 760 103.2
671 1250 753 93
676 1250 774 87.3
686 1250 738 105.45
651 1250 739 98.95
705 1250 729 94.8
678 1250 734 140.65
677 1250 743 114.1
682 1250 745 108.65
661 1250 721 160.2
685 1250 759 106.05
662 1250 769 93.35
690 1250 718 115.2
704 1250 763 95.2
664 1250 759 116.3
690 1250 754 136.9
701 1250 736 105.3
727 1250 729 105.25
702 1250 661 159.9
701 1250 756 100.4
684 1250 692 131.1
681 1250 711 114.4
690 1250 695 136.8
684 1250 735 114.65
676 1250 769 125.65
711 1250 706 116.95
689 1250 736 136.65
675 1250 720 108.05
708 1250 733 122.3
665 1250 785 103.95
686 1250 791 103.6
683 1250 741 105.3
679 1250 790 120.25
700 1250 764 89.3
675 1250 778 105.65
702 1250 723 103.45
689 1250 779 101.8
715 1250 764 111.1
681 1250 793 99.65
667 1250 770 106.2
683 1250 718 145.25
707 1250 760 94
666 1250 713 117
694 1250 731 126.95
699 1250 752 101.6
693 1250 754 85.5
699 1250 758 112.55
676 1250 706 103.25
681 1250 766 118.15
659 1250 720 129.55
675 1250 749 107.5
715 1250 740 105.3
664 1250 780 94.2
695 1250 741 124
698 1250 743 125.65
677 1250 740 116.8
685 1250 753 108.75
681 1250 743 121.65
677 1250 750 117.2
680 1250 746 106.55
683 1250 756 106.6
680 1250 742 124.35
690 1250 803 70.55
699 1250 709 134.7
709 1250 695 140.9
683 1250 709 124.55
664 1250 768 111.15
677 1250 749 148.7
675 1250 694 199.75
689 1250 744 106.9
680 1250 790 108.1
692 1250 720 131.1
682 1250 678 103.3
695 1250 736 117.6
694 1250 740 87.85
659 1250 739 113.95
669 1250 740 97.5
694 1250 769 95.5
671 1250 770 112.8
721 1250 755 115.7
675 1250 764 113.75
694 1250 708 108.65
678 1250 747 128.8
692 1250 742 137.15
677 1250 793 100.2
719 1250 752 119.05
674 1250 765 115.45
691 1250 748 112.85
695 1250 763 109.45
679 1250 728 122.9
671 1250 721 116.3
689 1250 757 102.9
678 1250 723 110.95
696 1250 701 142.8
674 1250 684 154.95
698 1250 743 122.95
693 1250 783 111.25
701 1250 760 140.4
691 1250 699 116.9
712 1250 762 94.95
684 1250 716 137.05
670 1250 718 119.75
684 1250 687 151.65
702 1250 693 105.45
700 1250 795 81.35
660 1250 805 93.55
679 1250 737 110.35
697 1250 728 145.75
675 1250 747 113.65
684 1250 710 112.9
679 1250 792 86
704 1250 774 106.85
699 1250 778 107.95
683 1250 764 94.15
661 1250 817 78.55
674 1250 750 106.45
683 1250 788 76.9
655 1250 751 127.25
676 1250 784 106.05
691 1250 753 95.5
693 1250 727 126.75
678 1250 720 148.75
688 1250 755 92.5
689 1250 787 112.25
679 1250 717 123.35
673 1250 754 110.35
706 1250 785 112.1
669 1250 702 133.15
711 1250 775 100.4
703 1250 736 92.2
662 1250 733 115.1
703 1250 728 134
689 1250 743 114.5
674 1250 762 107.8
685 1250 768 92.05
692 1250 711 114.4
691 1250 777 91.45
659 1250 768 99.4
689 1250 724 110.9
704 1250 782 103.7
674 1250 781 87.2
654 1250 743 110.6
669 1250 772 113.25
690 1250 798 75.05
696 1250 723 142.35
704 1250 704 145.85
694 1250 777 88.5
668 1250 761 88.25
694 1250 751 104.3
705 1250 779 105.35
676 1250 739 102.15
656 1250 779 94.8
690 1250 762 90.1
688 1250 763 111.4
672 1250 740 122
704 1250 740 95.1
683 1250 719 148.4
708 1250 760 115.9
704 1250 690 146.9
671 1250 758 109.65
683 1250 741 141.75
689 1250 767 103
695 1250 721 121.4
687 1250 730 99.45
666 1250 790 106.95
680 1250 762 120.9
717 1250 728 93
694 1250 702 124.9
676 1250 794 80.65
675 1250 757 122.25
702 1250 731 140.55
706 1250 755 94.8
694 1250 782 84.3
685 1250 764 85.05
687 1250 726 153.25
666 1250 736 130.6
670 1250 767 102.2
676 1250 748 86.2
663 1250 754 106.85
671 1250 767 111.55
690 1250 735 120.6
682 1250 771 112.45
693 1250 759 100.75
668 1250 769 119
679 1250 760 95.2
663 1250 773 95.6
695 1250 809 94.05
680 1250 754 116.3
699 1250 740 107.35
687 1250 778 92.15
699 1250 769 110.85
678 1250 698 129.5
679 1250 690 143.3
682 1250 709 135.35
679 1250 753 132.45
682 1250 772 113.6
682 1250 755 122.15
669 1250 689 118.55
714 1250 739 122.65
679 1250 772 118.85
700 1250 738 106.5
685 1250 687 146.2
667 1250 738 124.85
664 1250 708 101.45
675 1250 772 112.95
679 1250 760 85.5
688 1250 753 131.9
678 1250 771 120.15
689 1250 753 92.85
711 1250 698 130.95
698 1250 747 143.75
710 1250 768 100.9
695 1250 713 126.4
661 1250 756 78.85
679 1250 770 96.35
700 1250 776 106.15
695 1250 746 96.45
683 1250 780 94.75
708 1250 781 106.25
673 1250 742 112.05
693 1250 754 98.75
669 1250 703 196.65
672 1250 734 114.05
697 1250 783 102.15
685 1250 708 141.4
681 1250 747 124.7
678 1250 758 115
669 1250 754 109.7
687 1250 718 122.25
674 1250 750 104.35
691 1250 787 100.05
698 1250 782 91.5
673 1250 739 124.25
683 1250 759 123.1
719 1250 731 112.25
707 1250 779 109.65
676 1250 768 96.1
698 1250 783 126.7
666 1250 786 100.2
692 1250 769 95.1
688 1250 724 90.7
694 1250 755 128.35
677 1250 704 135
678 1250 782 87.7
653 1250 731 125.7
642 1250 496 334.05
666 1250 517 331.85
636 1250 468 227.85
654 1250 522 292.9
654 1250 551 264.85
644 1250 494 287.25
669 1250 526 275.75
654 1250 471 266
642 1250 485 319.5
647 1250 542 295.65
642 1250 482 350.05
662 1250 566 261.6
659 1250 486 413.8
653 1250 556 245.7
666 1250 472 442.7
643 1250 473 336.35
673 1250 488 384.2
650 1250 549 271.25
660 1250 504 275
657 1250 490 329.9
665 1250 564 270.65
665 1250 530 336.6
666 1250 467 409.45
642 1250 481 344.8
643 1250 460 383.45
637 1250 489 287.5
638 1250 570 262.65
646 1250 518 315.15
640 1250 530 299.5
609 1250 445 384.7
636 1250 521 301.15
637 1250 582 273.45
665 1250 537 334.85
663 1250 539 267.7
660 1250 489 376.65
638 1250 446 433.9
618 1250 525 333.2
668 1250 538 345.35
652 1250 420 497.9
630 1250 500 307.55
644 1250 458 358.1
656 1250 536 296.1
665 1250 441 274.95
656 1250 485 328.35
656 1250 401 522.95
627 1250 454 473.65
664 1250 524 261.7
666 1250 498 289.35
637 1250 491 413.75
654 1250 532 327.7
635 1250 555 231.5
663 1250 576 227.4
635 1250 533 322
667 1250 494 362.5
656 1250 424 323.65
675 1250 469 348.3
654 1250 443 466.1
666 1250 451 258.75
597 1250 491 329.45
655 1250 577 263.95
662 1250 543 220.95
636 1250 462 332.1
646 1250 464 386.1
655 1250 519 279.55
614 1250 427 418.25
654 1250 560 283
637 1250 509 341.3
637 1250 462 302.75
666 1250 480 336.2
646 1250 496 378.7
660 1250 462 335.35
686 1250 523 335.95
627 1250 468 328.5
651 1250 503 446.9
643 1250 470 345.35
665 1250 477 309.95
640 1250 535 295.95
652 1250 449 255.95
631 1250 499 326.7
651 1250 483 359.5
657 1250 487 374.9
661 1250 542 239.95
607 1250 491 294.8
635 1250 554 360
658 1250 495 254.6
663 1250 510 309.1
668 1250 520 333.55
664 1250 462 440.7
651 1250 546 245.8
676 1250 438 401.75
656 1250 527 251.3
619 1250 529 305.8
655 1250 536 320.4
614 1250 512 378.85
635 1250 515 401.15
676 1250 503 445
656 1250 497 324.75
652 1250 543 343.85
656 1250 505 341.25
640 1250 479 403.65
639 1250 527 381.25
636 1250 440 569.7
659 1250 541 268.85
669 1250 515 329.9
653 1250 513 296.9
656 1250 540 306.6
663 1250 509 300.15
636 1250 523 255.7
636 1250 449 351
661 1250 505 354.6
645 1250 482 373.85
633 1250 468 329.3
631 1250 532 307.3
642 1250 563 283.5
692 1250 487 342.2
645 1250 553 287.6
660 1250 548 254
638 1250 544 221.6
655 1250 442 305.9
628 1250 568 331.55
663 1250 508 430.1
671 1250 510 252.15
672 1250 560 282.1
631 1250 562 250.3
668 1250 501 326.9
637 1250 506 241.75
659 1250 557 365.55
661 1250 513 353.6
634 1250 490 415.7
683 1250 519 319.65
656 1250 457 369.85
657 1250 520 304.65
656 1250 478 277.4
662 1250 558 357.2
663 1250 519 274.4
664 1250 447 414.9
617 1250 514 295.45
656 1250 614 273.35
648 1250 534 291.45
642 1250 446 413.35
661 1250 492 279.15
644 1250 491 396.65
640 1250 482 344.55
658 1250 535 343.55
623 1250 486 340.55
647 1250 477 471.8
667 1250 507 215.8
641 1250 506 394.35
664 1250 524 363.65
681 1250 536 294
640 1250 626 199.7
665 1250 471 322.25
643 1250 474 355.75
639 1250 597 257.3
637 1250 432 441.75
661 1250 535 324.65
625 1250 475 406.75
647 1250 563 241.5
641 1250 501 386.25
654 1250 552 230.85
663 1250 439 475
667 1250 544 338.5
636 1250 530 350.65
620 1250 429 327.8
639 1250 504 332.75
667 1250 490 338.3
644 1250 505 334.05
637 1250 536 255.05
662 1250 548 295.05
683 1250 514 286.25
656 1250 536 291.95
639 1250 484 420.55
647 1250 404 577.45
645 1250 483 418.75
637 1250 520 328.7
665 1250 546 253.1
656 1250 578 283.65
660 1250 430 479.3
638 1250 501 290.5
670 1250 437 420.3
666 1250 491 316.55
665 1250 504 294.1
623 1250 511 285.5
632 1250 489 438.2
650 1250 509 394.95
658 1250 485 372.95
674 1250 503 312.75
652 1250 472 360.4
639 1250 535 252.65
673 1250 472 383.7
684 1250 549 374
638 1250 559 253.1
647 1250 484 356.9
642 1250 503 279.8
666 1250 447 326.8
654 1250 490 411.05
663 1250 542 293
649 1250 493 253.6
648 1250 470 461.5
648 1250 504 340.85
655 1250 508 283.75
659 1250 555 299.25
645 1250 499 345.1
630 1250 481 282.95
653 1250 436 481.55
646 1250 501 378.85
665 1250 542 297.4
674 1250 545 296.7
641 1250 532 342.6
636 1250 483 361.8
641 1250 477 287.55
666 1250 513 386.35
655 1250 519 292.35
638 1250 496 309.25
664 1250 485 327.2
654 1250 527 271.45
682 1250 415 387.75
631 1250 519 256.3
653 1250 493 253.2
674 1250 537 307.75
657 1250 521 363.75
659 1250 558 292.05
625 1250 546 266.2
654 1250 513 295.3
642 1250 554 362.95
679 1250 480 388.4
665 1250 476 425.8
645 1250 442 495.2
649 1250 488 355.85
635 1250 498 376.4
660 1250 492 360.7
650 1250 496 303.8
656 1250 528 320.5
664 1250 490 393.3
643 1250 461 431.4
660 1250 503 299.25
651 1250 514 284.35
644 1250 507 378.6
636 1250 473 370.3
637 1250 503 284.8
667 1250 519 198.35
661 1250 447 472.2
659 1250 520 426.3
632 1250 463 389.95
631 1250 493 420.05
644 1250 490 269.6
631 1250 520 297.55
653 1250 508 314.9
654 1250 562 245.55
656 1250 522 318.45
668 1250 522 294.4
613 1250 472 244.95
647 1250 512 321.25
639 1250 589 280.45
653 1250 413 375.7
673 1250 549 246.2
657 1250 517 351.3
635 1250 492 314.75
631 1250 488 293.5
660 1250 557 304.65
640 1250 514 389.15
693 1250 502 281.95
667 1250 481 336.3
661 1250 466 302.7
648 1250 440 273.15
685 1250 504 289.9
627 1250 500 351.5
655 1250 475 405.25
634 1250 489 324.85
658 1250 452 388.45
653 1250 501 282.65
645 1250 554 325.9
645 1250 547 402.6
614 1250 476 271.2
657 1250 509 357.25
656 1250 515 373.6
672 1250 487 269
633 1250 455 386.65
645 1250 539 333.55
632 1250 446 527.35
661 1250 553 328.1
640 1250 536 296.75
639 1250 514 316.5
648 1250 530 277.15
642 1250 531 255.05
643 1250 513 291.5
640 1250 524 286.55
634 1250 556 276.05
696 1250 454 380.85
640 1250 514 336
634 1250 553 324.8
659 1250 506 205.8
656 1250 449 230.9
622 1250 514 216.8
656 1250 519 286.1
644 1250 572 305.35
640 1250 495 424.55
653 1250 553 288.05
643 1250 507 359.05
657 1250 429 449.7
651 1250 506 305
647 1250 486 297.65
667 1250 411 477.55
659 1250 549 294.4
655 1250 490 365
668 1250 518 254.55
645 1250 529 276.35
642 1250 456 288.05
648 1250 484 523.35
664 1250 440 369.95
639 1250 514 314.35
662 1250 575 231.2
644 1250 508 408
640 1250 503 465.6
661 1250 507 314.2
651 1250 491 479.4
652 1250 482 422.95
686 1250 546 279.15
648 1250 556 281.65
653 1250 545 324.1
642 1250 476 412.75
671 1250 442 474.1
655 1250 511 395.9
643 1250 549 333.15
631 1250 453 301.95
645 1250 494 400.2
653 1250 563 271.1
648 1250 513 382.55
661 1250 537 325.45
665 1250 439 322.9
654 1250 560 301.7
635 1250 422 546.85
646 1250 553 264.75
612 1250 431 464.6
633 1250 512 328.9
684 1250 488 326.05
661 1250 489 504.35
650 1250 464 370.85
633 1250 463 422.3
659 1250 557 277.2
657 1250 486 425.05
644 1250 531 257.45
613 1250 555 280.95
668 1250 477 246.75
643 1250 525 394.4
646 1250 429 385.95
635 1250 526 292.5
655 1250 527 219.3
629 1250 505 333.8
636 1250 501 435.25
668 1250 468 480.7
646 1250 482 455.9
642 1250 537 355.25
670 1250 499 318.7
657 1250 498 313.6
663 1250 461 311.85
657 1250 508 292.8
658 1250 457 315
678 1250 557 223.45
629 1250 521 308.9
673 1250 529 229.7
654 1250 540 256.9
634 1250 485 378.8
668 1250 461 445.1
648 1250 488 357.5
640 1250 499 433.85
635 1250 545 288.2
669 1250 452 413.45
665 1250 483 334.25
660 1250 432 344.95
662 1250 508 257.1
653 1250 495 354.45
629 1250 454 287.45
644 1250 486 585.8
665 1250 478 422.95
644 1250 543 301.9
678 1250 538 263.1
640 1250 516 354.1
661 1250 473 383.2
673 1250 514 360.45
623 1250 472 246.15
660 1250 458 421.95
664 1250 492 339.55
658 1250 550 339.9
637 1250 550 251.75
658 1250 486 373.5
624 1250 503 300.7
635 1250 542 294.6
657 1250 448 408.05
637 1250 550 372.1
654 1250 484 352.15
643 1250 565 294
642 1250 498 430.15
653 1250 523 342.75
671 1250 466 356.95
643 1250 524 321.95
677 1250 479 371.85
660 1250 524 274.8
674 1250 591 248.35
653 1250 507 291.9
636 1250 499 297.15
659 1250 482 304.3
664 1250 485 347.45
652 1250 497 342.05
647 1250 520 327.25
667 1250 471 401.7
679 1250 550 311.75
646 1250 535 377.15
673 1250 581 213.5
645 1250 523 389.5
634 1250 525 357.8
633 1250 497 345.9
656 1250 563 287.75
657 1250 524 436.55
637 1250 546 282.6
648 1250 603 245.95
640 1250 527 250.6
656 1250 538 277.9
646 1250 572 324.05
671 1250 534 257.15
635 1250 502 259.8
641 1250 536 275.95
634 1250 544 323.3
661 1250 526 369.15
636 1250 533 276.6
629 1250 467 280.55
645 1250 419 263.65
651 1250 554 248.9
667 1250 486 546.45
671 1250 513 359.15
662 1250 499 295.45
656 1250 444 394.4
674 1250 451 417.55
640 1250 567 229.9
668 1250 497 374.1
650 1250 553 197.95
638 1250 493 319.15
671 1250 540 264.9
666 1250 495 295.05
663 1250 466 269.8
644 1250 540 284.2
628 1250 584 249
637 1250 563 252.25
632 1250 500 266.5
681 1250 491 374.25
668 1250 543 260.25
656 1250 482 256.7
618 1250 522 223.4
675 1250 556 299.15
650 1250 491 344.25
641 1250 555 322.2
650 1250 528 272.75
630 1250 520 317.7
668 1250 535 381.85
619 1250 548 299.05
645 1250 538 344.45
643 1250 553 272.7
653 1250 483 394.55
653 1250 483 320.9
627 1250 534 306.7
653 1250 399 537.25
660 1250 435 448.35
656 1250 512 345.4
657 1250 530 316.2
645 1250 543 305.2
654 1250 547 238
656 1250 500 321.05
645 1250 453 489.95
630 1250 607 223.15
638 1250 525 280.2
671 1250 504 270.25
633 1250 531 309.85
636 1250 479 439.6
621 1250 550 297.25
623 1250 536 285.95
654 1250 514 316.25
664 1250 455 618.35
663 1250 450 343.3
647 1250 521 322.95
632 1250 500 237.8
649 1250 428 476.5
645 1250 588 233.95
666 1250 514 281.75
652 1250 499 282.9
650 1250 539 245.05
632 1250 538 272.4
646 1250 546 338.35
647 1250 449 329.2
664 1250 498 432.3
633 1250 530 317.85
644 1250 478 337.7
666 1250 500 439.55
649 1250 478 422.4
637 1250 482 365.95
641 1250 522 365.5
665 1250 539 259.7
657 1250 508 318.6
668 1250 561 300.15
651 1250 501 428.75
658 1250 461 511.8
616 1250 359 742.8
573 1250 394 383.25
597 1250 340 919.6
618 1250 435 358.85
612 1250 346 803.5
626 1250 399 733.95
643 1250 380 531
639 1250 345 938.6
607 1250 369 528.5
596 1250 338 428.6
609 1250 400 602.75
625 1250 383 504.35
625 1250 395 666.75
643 1250 426 647.45
626 1250 392 577.85
612 1250 398 580.05
644 1250 419 596.6
615 1250 396 438.55
658 1250 412 450.3
592 1250 423 524.35
612 1250 432 616.3
611 1250 390 556.6
620 1250 387 705.3
629 1250 400 570.75
636 1250 432 525.3
595 1250 348 748.7
622 1250 384 570.3
599 1250 359 601.9
606 1250 420 497.2
620 1250 346 748
600 1250 387 764.2
633 1250 375 592.8
588 1250 403 466.65
626 1250 389 555.75
588 1250 496 397.3
612 1250 347 715.55
608 1250 378 648.8
627 1250 371 541.35
599 1250 364 532.25
638 1250 445 432.95
643 1250 414 509.25
616 1250 416 501.8
614 1250 320 651.05
606 1250 422 453.15
634 1250 350 660.4
632 1250 414 441.55
611 1250 369 574.95
600 1250 423 471.45
650 1250 389 476.65
626 1250 413 491.4
597 1250 340 788.15
620 1250 395 541.95
627 1250 370 544.7
637 1250 371 639.6
401 1250 268 1168
630 1250 397 863.7
635 1250 420 538
608 1250 373 457.3
641 1250 365 500.15
614 1250 387 626.5
611 1250 426 489.2
617 1250 388 639.6
660 1250 367 814.95
578 1250 441 406.95
603 1250 394 393.8
639 1250 342 754.5
624 1250 389 650.85
622 1250 357 799.8
602 1250 385 444.55
615 1250 325 619.9
625 1250 362 671.05
626 1250 366 935.9
655 1250 401 548.45
629 1250 341 587
652 1250 386 370
641 1250 389 520.8
631 1250 416 529.4
590 1250 422 530
617 1250 359 639.55
611 1250 462 549.05
575 1250 442 466.5
623 1250 398 592.25
620 1250 407 482.55
621 1250 353 937.75
625 1250 399 594.4
612 1250 371 658.65
626 1250 433 610.4
630 1250 402 599.2
611 1250 358 519.95
614 1250 396 361.75
625 1250 347 698.8
619 1250 384 640.85
588 1250 362 475
601 1250 326 602.7
591 1250 333 767.2
636 1250 422 548.35
596 1250 352 563.6
638 1250 385 703.05
626 1250 443 418
607 1250 408 695.85
622 1250 369 653.05
606 1250 429 478.5
597 1250 399 627.6
588 1250 334 544.85
614 1250 402 812.05
630 1250 362 651.55
611 1250 334 933.85
637 1250 373 575.35
632 1250 365 753.9
627 1250 458 526.95
631 1250 393 526.55
606 1250 388 493.6
604 1250 392 616.1
607 1250 418 483.3
649 1250 339 913.9
642 1250 356 603.55
618 1250 363 892.2
611 1250 419 461.1
612 1250 406 430
619 1250 427 447.05
615 1250 344 974.1
655 1250 381 574.5
624 1250 391 348
615 1250 395 538.85
591 1250 406 507.7
596 1250 425 468.25
602 1250 440 397
619 1250 473 362.9
613 1250 372 627.65
627 1250 404 571.3
622 1250 403 580.75
606 1250 399 526.6
593 1250 392 516.35
613 1250 370 603.15
634 1250 360 747.55
600 1250 402 417.85
636 1250 374 535.2
630 1250 412 449.85
594 1250 444 417.2
645 1250 391 558.5
636 1250 362 843.9
618 1250 433 456.4
622 1250 411 560.8
626 1250 361 521.2
650 1250 403 642.75
611 1250 377 620.6
596 1250 402 415.85
543 1250 378 1195.2
619 1250 411 405.35
610 1250 386 494.8
626 1250 368 677.7
638 1250 414 538.25
600 1250 349 459.9
603 1250 425 463.4
621 1250 387 730.55
602 1250 378 563.35
635 1250 432 499.8
617 1250 381 625.6
614 1250 402 623.7
618 1250 389 401.6
636 1250 442 526.65
601 1250 418 506.55
621 1250 361 795.3
628 1250 401 580.4
632 1250 338 693.75
613 1250 327 730.15
608 1250 393 620.7
641 1250 380 595.9
634 1250 453 557.95
609 1250 372 532.75
618 1250 332 854.45
598 1250 352 334.7
613 1250 441 421.05
587 1250 325 609.3
624 1250 400 595.35
619 1250 395 436.15
625 1250 379 681.25
624 1250 365 740.9
632 1250 378 598.55
613 1250 371 707.15
611 1250 401 682.15
625 1250 384 485.8
601 1250 427 463.1
652 1250 366 716
625 1250 338 621.45
643 1250 381 552.6
622 1250 348 598.9
608 1250 380 817
588 1250 330 408.25
607 1250 381 663.85
596 1250 437 421.05
614 1250 417 394.3
621 1250 355 539.2
629 1250 341 487.8
658 1250 391 871.65
590 1250 400 456.9
607 1250 371 759.7
590 1250 434 427.85
628 1250 392 671.6
570 1250 319 1041
627 1250 387 1027.4
647 1250 408 552
614 1250 392 499.45
605 1250 404 411.6
637 1250 438 514.35
627 1250 343 508.25
626 1250 381 599.2
612 1250 424 538.6
610 1250 438 556.55
596 1250 398 521.2
631 1250 430 538.35
635 1250 437 452.75
625 1250 356 516.1
605 1250 392 474.4
632 1250 347 656.3
596 1250 422 401.65
604 1250 401 561.1
617 1250 424 473.65
640 1250 440 454.7
589 1250 402 590.2
607 1250 462 409.9
626 1250 353 814.15
632 1250 382 557.4
638 1250 405 502.7
584 1250 415 423.2
633 1250 334 626.1
629 1250 425 509.75
592 1250 440 466.3
609 1250 328 644.35
627 1250 426 533.55
615 1250 365 780
585 1250 377 325.2
632 1250 419 443.5
630 1250 386 455.9
602 1250 361 500.65
604 1250 418 464.85
628 1250 382 453.3
629 1250 440 351.55
598 1250 391 471.85
644 1250 403 743.5
604 1250 312 760.65
633 1250 408 399.25
610 1250 363 657.25
637 1250 431 483.6
617 1250 403 627.5
580 1250 360 492.65
602 1250 366 419.7
607 1250 389 660.75
593 1250 367 509.75
631 1250 364 513.6
635 1250 401 606.7
618 1250 406 688.15
606 1250 401 605.65
611 1250 394 567.4
643 1250 333 768.75
643 1250 346 669.75
614 1250 387 601.6
599 1250 473 392.85
587 1250 426 376.1
645 1250 381 650.05
659 1250 409 695
635 1250 377 788
625 1250 388 382.35
613 1250 386 393.1
619 1250 368 625.8
639 1250 312 734.2
585 1250 422 584.45
605 1250 307 605.85
637 1250 341 835.35
600 1250 412 498.3
623 1250 362 725.05
615 1250 352 846.7
627 1250 393 705.2
646 1250 387 537.5
634 1250 341 837.9
640 1250 395 378.8
599 1250 433 427.7
583 1250 357 608.5
580 1250 437 471.3
652 1250 367 445.15
633 1250 412 387.55
625 1250 376 527.45
617 1250 433 440.55
616 1250 447 411.75
614 1250 408 597.65
601 1250 389 580.6
608 1250 374 667.7
617 1250 377 543.6
644 1250 383 460.6
637 1250 363 680.9
612 1250 408 478.6
635 1250 391 589
640 1250 436 447.9
632 1250 431 375.5
593 1250 371 576.85
598 1250 364 459.1
620 1250 422 410.3
603 1250 372 540.75
611 1250 414 521.55
639 1250 335 811.5
606 1250 413 479.15
612 1250 369 661.75
646 1250 396 984.1
621 1250 355 818.65
624 1250 334 745.3
623 1250 343 549.45
636 1250 363 585.15
661 1250 394 593.25
609 1250 439 437.1
605 1250 415 588.9
613 1250 364 427.15
587 1250 377 495.6
606 1250 360 733.75
602 1250 387 815.85
615 1250 381 555
647 1250 371 462.45
619 1250 362 828
640 1250 398 615.7
622 1250 361 658.55
636 1250 403 369.3
611 1250 400 517.2
612 1250 401 480.55
582 1250 350 493.3
583 1250 407 461.4
624 1250 417 430.05
587 1250 449 339.7
622 1250 397 534.4
633 1250 361 548.6
626 1250 397 596.3
590 1250 412 503.35
637 1250 414 520.9
619 1250 384 487.25
622 1250 394 591.55
651 1250 405 667.5
612 1250 370 651.45
586 1250 321 561.1
626 1250 454 430.8
636 1250 361 520.2
614 1250 409 393.35
641 1250 373 861.6
612 1250 371 998
624 1250 391 561.4
588 1250 417 535.45
630 1250 344 572.4
631 1250 356 920.75
616 1250 333 876.75
615 1250 409 511.35
605 1250 315 488.05
635 1250 414 579.4
630 1250 410 608.05
626 1250 363 743.7
609 1250 376 698.9
600 1250 423 472
633 1250 351 711.7
627 1250 386 603.9
613 1250 403 649.5
598 1250 450 418.3
643 1250 442 428.35
614 1250 367 646.2
623 1250 343 937.55
625 1250 368 509.45
599 1250 430 458.6
622 1250 388 529.4
614 1250 424 342.3
584 1250 358 503.45
593 1250 386 560.6
605 1250 350 734.65
612 1250 386 624.35
597 1250 448 422.8
599 1250 373 476.35
621 1250 328 645.35
599 1250 407 589.95
622 1250 391 497.7
578 1250 394 478.7
611 1250 388 715.6
624 1250 366 572.8
622 1250 408 604.2
657 1250 412 575.1
613 1250 430 466.85
629 1250 433 421.45
635 1250 396 547.7
586 1250 372 590.3
643 1250 378 804.75
623 1250 389 408.6
616 1250 400 418.25
605 1250 348 831.7
606 1250 419 515.65
625 1250 372 429.5
597 1250 464 396.2
614 1250 425 505.95
608 1250 376 604.15
640 1250 357 685.1
628 1250 396 484.85
641 1250 428 515.55
605 1250 365 601.9
638 1250 431 459.9
619 1250 413 424.25
649 1250 363 495.95
629 1250 376 623
618 1250 387 513.3
634 1250 376 454.25
580 1250 446 535.45
621 1250 423 712.15
630 1250 407 738.2
644 1250 370 879.05
645 1250 461 452.75
625 1250 390 585.55
613 1250 349 351.2
630 1250 417 681.75
618 1250 390 575
621 1250 413 548.3
606 1250 434 413.55
601 1250 385 497.15
602 1250 377 477.45
618 1250 360 754.8
596 1250 370 592.9
606 1250 411 465.45
607 1250 416 460.65
625 1250 390 561.85
616 1250 419 493.7
576 1250 385 442.9
631 1250 392 549.65
619 1250 357 728.35
605 1250 330 534.4
609 1250 372 637.5
642 1250 358 1004.55
634 1250 389 503.85
647 1250 409 617.95
621 1250 345 518.15
604 1250 337 697.75
605 1250 423 435.65
597 1250 357 565.4
618 1250 422 463.8
605 1250 464 399.15
608 1250 359 525.8
596 1250 380 398.3
653 1250 392 599.4
620 1250 419 576.65
620 1250 365 648.95
623 1250 378 506.65
608 1250 431 425.3
595 1250 415 429.5
592 1250 374 445.3
616 1250 405 575.4
645 1250 382 590.1
612 1250 354 735.8
632 1250 372 749.95
597 1250 442 505
630 1250 463 492.5
617 1250 393 490.1
614 1250 424 481.85
629 1250 374 598.3
622 1250 445 572.05
620 1250 386 735.15
628 1250 356 457.45
593 1250 350 753.7
622 1250 423 521.55
632 1250 393 407.8
604 1250 422 495.5
629 1250 390 561.95
577 1250 354 678.85
595 1250 406 514.4
576 1250 348 1009.9
616 1250 384 703.75
640 1250 411 439.5
617 1250 410 541.15
601 1250 429 462.7
580 1250 371 488.3
624 1250 388 401.95
642 1250 409 535.05
648 1250 382 665.75
624 1250 365 733.9
602 1250 404 408.3
618 1250 433 448.65
608 1250 405 511
638 1250 395 539.75
599 1250 415 417.35
617 1250 428 480.9
612 1250 414 513.4
601 1250 411 403.95
621 1250 390 475.05
620 1250 382 702.6
643 1250 376 572.85
609 1250 394 621.35
617 1250 407 592
638 1250 361 838.7
572 1250 396 502.35
618 1250 458 589.4
600 1250 410 430.85
622 1250 412 545.7
599 1250 419 533.95
595 1250 419 492.2
610 1250 348 761.15
609 1250 353 792.1
629 1250 417 455.25
596 1250 321 1169.65
587 1250 369 528.05
631 1250 370 758.85
620 1250 399 534.3
624 1250 408 438.5
552 1250 318 1184.3
574 1250 324 547.45
558 1250 336 578.65
510 1250 308 1205.4
573 1250 327 930.85
591 1250 333 716.65
596 1250 363 910.9
597 1250 315 770.8
552 1250 333 606.9
571 1250 327 606.1
568 1250 312 1005.65
593 1250 312 839
535 1250 299 955.9
499 1250 287 1249.6
505 1250 258 1025.05
486 1250 273 941.95
562 1250 277 1043.4
530 1250 307 1153.35
582 1250 316 644.85
536 1250 341 991.2
596 1250 351 576.7
524 1250 270 873.55
583 1250 349 730.3
583 1250 332 986.75
573 1250 303 1145.7
568 1250 317 902.3
555 1250 311 797.35
502 1250 307 1161.65
568 1250 326 601.45
534 1250 299 1155
536 1250 308 1141.45
527 1250 297 749.15
573 1250 349 605.1
502 1250 280 991.2
444 1250 269 1114.85
499 1250 292 1249.1
564 1250 338 542.65
481 1250 274 1249.45
524 1250 285 1158.55
438 1250 296 1248.1
561 1250 309 1116.4
629 1250 371 784.1
552 1250 328 974.5
556 1250 321 1206.8
538 1250 273 944.95
598 1250 347 581.55
570 1250 302 1066.05
495 1250 298 841.8
572 1250 350 776.55
601 1250 331 742.7
577 1250 319 928.2
502 1250 315 1023.8
569 1250 289 932.95
550 1250 278 1036.7
610 1250 340 712.3
514 1250 299 1195.1
544 1250 289 975.95
608 1250 338 773.5
580 1250 314 782.25
576 1250 312 870.25
560 1250 345 559.45
500 1250 283 655.35
559 1250 317 528.35
596 1250 325 780.9
584 1250 382 614.7
607 1250 322 749.55
525 1250 263 975.8
590 1250 309 572.25
559 1250 333 657.75
565 1250 296 561.4
463 1250 295 1126.55
547 1250 326 533.2
524 1250 299 1080.5
560 1250 318 1024.75
556 1250 282 674.2
587 1250 330 833.5
529 1250 260 931.95
568 1250 314 765.9
522 1250 320 660.5
490 1250 281 1249.75
545 1250 295 764.95
574 1250 326 620.5
579 1250 300 683.7
510 1250 308 1122.1
585 1250 310 597.5
573 1250 330 778.65
545 1250 269 992.15
435 1250 273 1247.85
527 1250 283 1096.85
529 1250 300 739.15
568 1250 338 436.55
538 1250 279 948.3
582 1250 369 710.45
547 1250 300 621.15
575 1250 320 882.45
556 1250 328 873.95
532 1250 289 937.15
397 1250 253 1235.55
517 1250 295 1012.25
525 1250 323 840.05
572 1250 312 1089.7
578 1250 323 541.35
507 1250 280 1194.25
597 1250 366 708.2
468 1250 268 997.8
594 1250 347 775.25
551 1250 313 882.8
542 1250 294 785.1
562 1250 304 738.95
563 1250 303 979
607 1250 339 589.95
601 1250 342 791.1
557 1250 312 952.7
607 1250 353 754.95
599 1250 330 609.55
544 1250 309 1119.7
528 1250 295 939
544 1250 329 711.3
535 1250 304 1153.1
606 1250 317 784.1
483 1250 282 1105.9
552 1250 302 723
578 1250 379 619.85
578 1250 350 753.15
575 1250 355 740
571 1250 307 820.8
522 1250 301 1225.1
546 1250 297 907.15
511 1250 298 1229.4
550 1250 291 722.15
531 1250 279 1156.55
538 1250 303 1115.05
568 1250 300 1159.95
563 1250 290 735.15
558 1250 323 946.5
563 1250 293 927.4
497 1250 292 1037.75
561 1250 305 907.1
546 1250 287 624.25
581 1250 317 898.2
568 1250 334 567.6
575 1250 323 916.15
493 1250 261 1237.6
596 1250 323 890.45
560 1250 307 891.6
534 1250 326 952.35
602 1250 383 800.3
588 1250 335 712.2
582 1250 359 678.05
557 1250 322 699.6
476 1250 322 1239.4
534 1250 298 1203.75
403 1250 246 1205.15
558 1250 279 1093
514 1250 294 1243.35
602 1250 342 582
596 1250 306 925.75
547 1250 304 1146.85
531 1250 309 1073.35
588 1250 337 799.05
462 1250 278 1244.3
589 1250 318 813.5
565 1250 307 728.8
572 1250 299 1099.45
593 1250 308 869.45
545 1250 306 957.9
591 1250 341 721.2
561 1250 337 497.35
558 1250 341 1073.55
563 1250 357 765.15
558 1250 302 1136.8
576 1250 339 800.35
412 1250 294 1193.4
553 1250 287 1062.7
577 1250 321 813.25
621 1250 408 823.5
568 1250 367 786.55
578 1250 344 738.85
345 1250 218 1221.35
550 1250 275 974.5
525 1250 312 1190.8
590 1250 336 774.55
563 1250 324 694.5
511 1250 296 845.8
616 1250 336 801.7
567 1250 353 876
537 1250 309 1073.45
576 1250 304 656.75
462 1250 239 1174.5
532 1250 268 1103.1
543 1250 274 734.7
590 1250 314 902.75
533 1250 262 739.9
581 1250 320 780.45
549 1250 295 921.7
577 1250 276 1013.15
569 1250 355 711.6
584 1250 321 889.1
586 1250 331 901.15
553 1250 323 914.8
561 1250 336 780.7
531 1250 316 1218.4
587 1250 346 735.3
592 1250 326 785.75
436 1250 240 1244.1
566 1250 326 894.65
528 1250 311 1093.45
520 1250 319 1154.45
609 1250 327 775.45
588 1250 311 841.35
616 1250 348 939
577 1250 361 845.8
589 1250 341 955.1
576 1250 363 563.9
572 1250 340 798.35
579 1250 329 953
427 1250 255 1211.45
552 1250 319 699.05
539 1250 309 754.6
599 1250 322 859.05
529 1250 300 819.7
445 1250 263 1241
568 1250 313 811.55
550 1250 330 750.15
570 1250 370 744.85
567 1250 296 958.45
597 1250 373 739.55
561 1250 326 923.7
544 1250 294 982.95
595 1250 330 680.15
289 1250 210 1249.7
564 1250 298 786.3
520 1250 294 951.75
575 1250 324 733.85
561 1250 351 750.85
542 1250 323 1043.75
568 1250 332 559.9
520 1250 284 657
555 1250 282 863.65
550 1250 342 776.65
581 1250 358 617.4
516 1250 290 817.7
585 1250 309 667.8
472 1250 277 1233.6
565 1250 299 865.85
549 1250 350 610.45
571 1250 327 878.5
487 1250 320 1209.2
580 1250 358 576.3
561 1250 309 859.8
550 1250 298 497.35
544 1250 278 1026.95
575 1250 316 584.2
575 1250 330 1028.85
575 1250 302 825.85
570 1250 308 953.5
470 1250 295 1249.35
557 1250 292 783.6
522 1250 287 1062.8
563 1250 298 988.6
546 1250 358 614.75
576 1250 291 1079.1
589 1250 307 925.4
592 1250 355 698.65
477 1250 292 1045.2
588 1250 318 807.15
575 1250 340 754.45
526 1250 275 776.55
556 1250 347 889.95
564 1250 303 863.75
498 1250 271 1151.45
580 1250 346 829.45
536 1250 276 990.9
569 1250 353 722.3
540 1250 306 488.75
591 1250 334 876.2
564 1250 332 1014.2
588 1250 334 895.05
544 1250 381 532
549 1250 312 1005.75
572 1250 323 781.4
540 1250 313 772.7
561 1250 275 825.8
554 1250 292 743.55
568 1250 287 1002
490 1250 283 855.6
502 1250 276 763.95
575 1250 309 887.15
585 1250 359 734.45
601 1250 347 863.1
566 1250 313 828
564 1250 306 807.35
557 1250 294 1078.35
548 1250 280 994.8
551 1250 312 1002.35
547 1250 304 676.85
516 1250 276 1054.3
591 1250 308 701
557 1250 291 889.6
597 1250 332 736.5
591 1250 309 711.2
576 1250 341 841.15
505 1250 306 993.3
611 1250 319 703.6
571 1250 282 650.85
505 1250 300 1071.5
542 1250 289 1031.85
587 1250 326 878.35
559 1250 320 936.45
590 1250 333 877.15
592 1250 353 774.55
530 1250 334 1114.75
627 1250 317 652
563 1250 310 863.2
518 1250 309 1141.95
573 1250 313 849.45
582 1250 365 646.6
565 1250 307 1012.25
595 1250 327 684.05
559 1250 325 647.85
563 1250 317 708.35
524 1250 305 858.4
572 1250 289 718.25
589 1250 353 756.85
577 1250 362 715.8
542 1250 299 862.6
539 1250 333 879.35
580 1250 331 662.95
575 1250 287 1159.15
567 1250 296 1140.3
556 1250 323 768.95
554 1250 329 625
570 1250 326 668.5
583 1250 328 713.3
577 1250 319 753.65
569 1250 281 887.1
563 1250 303 874.95
177 1250 188 1237.55
576 1250 335 720.4
484 1250 258 1246.45
566 1250 318 988.3
610 1250 340 710
526 1250 274 1111.7
575 1250 293 702.85
319 1250 244 1204.55
593 1250 338 687.05
561 1250 308 775.65
461 1250 248 1245.7
537 1250 329 1120.95
569 1250 334 905.7
547 1250 287 524.2
518 1250 284 659.05
612 1250 385 751.1
464 1250 320 1248.7
595 1250 327 710.7
572 1250 312 831.55
431 1250 280 1248.5
560 1250 284 525.45
551 1250 307 841.55
558 1250 309 945.9
588 1250 313 766.15
608 1250 355 763.75
511 1250 289 720.25
554 1250 326 1047.75
588 1250 304 1023.05
581 1250 333 643.7
538 1250 299 1184.25
506 1250 274 1212.3
599 1250 340 823.3
573 1250 302 1059.4
541 1250 305 863.95
577 1250 309 960.35
589 1250 346 927.05
573 1250 303 724.9
577 1250 319 881.15
545 1250 292 1152.3
569 1250 293 1143.35
518 1250 276 1097.85
549 1250 328 749.15
559 1250 301 1055.35
512 1250 300 1237.05
602 1250 332 825.8
579 1250 353 651.25
579 1250 314 737.8
588 1250 296 912.55
532 1250 285 700.05
598 1250 358 681.55
547 1250 308 769.35
550 1250 306 676.05
573 1250 355 540.35
575 1250 341 686.5
579 1250 324 669.65
547 1250 337 835.55
509 1250 271 1204
604 1250 316 763.8
558 1250 332 878.45
574 1250 355 633.75
557 1250 283 794.25
578 1250 327 832.65
585 1250 349 696.05
544 1250 296 732.75
589 1250 330 831.45
401 1250 258 1249.85
589 1250 334 881.8
555 1250 319 862.9
583 1250 318 756.5
599 1250 367 733.9
498 1250 272 1237.15
532 1250 343 511.6
584 1250 309 833.75
563 1250 338 902.2
517 1250 301 1221.3
609 1250 329 858.05
544 1250 303 987.55
574 1250 377 723.35
506 1250 264 1149.75
555 1250 316 823.8
527 1250 331 968.55
566 1250 306 833.75
512 1250 315 1056.45
584 1250 359 599.55
590 1250 339 680.05
573 1250 326 850.3
572 1250 322 886.1
571 1250 330 527.45
549 1250 282 979.3
521 1250 285 1165.05
558 1250 278 842.6
511 1250 308 936.35
544 1250 291 713.75
309 1250 271 1246.65
567 1250 338 1164.9
555 1250 307 697.55
608 1250 376 571.7
594 1250 330 712.7
539 1250 298 705
526 1250 291 1137.85
548 1250 330 706.6
583 1250 335 698
580 1250 299 821.55
549 1250 325 834.8
598 1250 308 716.25
508 1250 277 1221.45
506 1250 265 1011.75
605 1250 337 779.65
530 1250 268 1234.4
560 1250 295 796.5
550 1250 296 721.3
539 1250 275 879.95
537 1250 296 1135.8
571 1250 332 953.95
521 1250 302 1076.9
489 1250 294 1217.65
544 1250 310 940
525 1250 309 774.1
538 1250 301 704.05
584 1250 322 916.55
515 1250 322 1102.05
593 1250 329 896.9
520 1250 305 1047.8
540 1250 302 986.2
544 1250 282 809.6
587 1250 338 777.3
541 1250 316 878.5
476 1250 257 1043.9
563 1250 289 577.85
579 1250 322 600.45
594 1250 346 723.15
544 1250 294 917.4
398 1250 270 1163.4
561 1250 272 745.15
569 1250 274 803.7
509 1250 273 878.25
531 1250 302 1154.95
559 1250 326 907
605 1250 333 953.25
550 1250 334 682.4
561 1250 301 841.95
587 1250 312 820.75
547 1250 309 746.55
539 1250 337 1087
564 1250 359 1001
539 1250 288 629.7
549 1250 300 533.85
581 1250 326 694.25
542 1250 286 1115.2
547 1250 304 1182.5
569 1250 339 807.5
476 1250 261 1190.4
577 1250 317 637.25
550 1250 286 1242.7
548 1250 347 655
463 1250 289 998.35
576 1250 306 834.25
563 1250 300 947.75
567 1250 329 567.6
533 1250 285 927.75
465 1250 260 1247
594 1250 347 879.3
530 1250 336 1091.2
376 1250 284 1246.45
466 1250 261 1247.4
437 1250 236 1200.7
368 1250 239 1248.15
451 1250 290 1045.5
381 1250 251 1095.65
468 1250 242 1235.1
413 1250 234 1225.05
389 1250 233 1207.35
473 1250 237 1067.8
416 1250 277 1201.65
281 1250 179 1134.05
473 1250 275 1012.55
381 1250 234 862.6
466 1250 272 1148.95
437 1250 250 953.6
454 1250 267 1189.55
492 1250 248 1151.55
365 1250 210 772.5
380 1250 211 1181.9
416 1250 243 1153.3
470 1250 266 781.1
514 1250 294 750.65
287 1250 144 1236.15
390 1250 222 1212.55
312 1250 162 1014
410 1250 255 1205.2
506 1250 290 895.75
474 1250 255 1004.85
489 1250 301 725.6
438 1250 211 995.85
460 1250 260 1100.3
498 1250 255 1129.2
161 1250 125 1235.5
375 1250 238 1246.15
420 1250 226 1227.25
438 1250 245 1065.5
459 1250 236 1150.75
500 1250 299 828.25
384 1250 204 1240.65
375 1250 232 1248.35
345 1250 202 1015.85
432 1250 245 1133.65
401 1250 261 1185.65
318 1250 203 1245.6
430 1250 260 1148.25
365 1250 195 1196.5
327 1250 222 1162.05
477 1250 249 887.75
397 1250 256 1249.25
286 1250 169 1202
412 1250 217 1178.35
388 1250 219 1246.55
420 1250 274 1091.8
268 1250 209 1243.85
453 1250 239 1177.05
486 1250 260 786
472 1250 310 1095.65
417 1250 245 1176
389 1250 228 1086.4
463 1250 244 1165.9
514 1250 297 857.4
340 1250 271 1230.5
257 1250 183 1220.55
426 1250 211 1000.25
350 1250 234 1241.5
328 1250 184 1005.2
419 1250 274 1051.2
231 1250 202 1244.95
449 1250 238 1194.1
362 1250 194 1205.45
422 1250 252 1249.75
394 1250 216 1017.6
527 1250 284 1122.1
505 1250 271 847.75
283 1250 192 1247.75
446 1250 221 1123.1
480 1250 262 1227.9
388 1250 216 783
397 1250 244 1229.7
397 1250 239 1052.45
327 1250 211 1246
435 1250 259 1156.85
426 1250 243 945.45
318 1250 209 1247.75
502 1250 309 920.5
264 1250 188 1248.65
521 1250 275 806.3
399 1250 231 731.15
412 1250 241 1031.9
430 1250 242 1231.15
255 1250 190 1248.75
392 1250 211 1084.25
422 1250 251 1085.25
377 1250 216 1139.05
347 1250 212 1246.65
354 1250 224 1127.4
508 1250 285 1134.7
388 1250 218 1208.65
412 1250 221 951.85
492 1250 259 1051.55
275 1250 154 1121.15
477 1250 249 975.8
458 1250 232 830.55
463 1250 248 1002.6
429 1250 264 1132.8
229 1250 187 1243.05
361 1250 217 1245.2
515 1250 265 823.6
465 1250 253 665.85
469 1250 243 1071.2
492 1250 275 906.5
454 1250 264 1042.2
222 1250 135 1249.25
491 1250 248 1069.5
490 1250 276 1088.45
421 1250 281 1147.75
445 1250 281 916.3
314 1250 191 1226.35
431 1250 265 1060.3
469 1250 255 836.3
355 1250 218 1233.9
326 1250 201 1240.8
512 1250 287 676.05
513 1250 281 893.95
286 1250 147 777.95
454 1250 269 1079.75
423 1250 235 1172.8
359 1250 230 1217.85
161 1250 110 1217.75
338 1250 225 1249.65
431 1250 210 1162
191 1250 146 1215.6
388 1250 221 1248.3
252 1250 172 1215.3
413 1250 226 1192
351 1250 201 1088.55
475 1250 267 1110.05
425 1250 253 905.05
375 1250 232 1169.4
462 1250 284 1203.25
457 1250 275 860.9
492 1250 266 777.85
497 1250 242 995.05
490 1250 267 927.45
187 1250 125 1232.9
198 1250 127 1203.5
413 1250 237 892.15
266 1250 216 1240.25
419 1250 207 939.7
470 1250 289 1077.55
368 1250 226 1193.75
387 1250 231 1243.25
478 1250 282 972.65
443 1250 280 991.9
410 1250 266 1035
366 1250 262 1250
350 1250 180 1203.3
234 1250 167 1249.35
388 1250 232 1231.1
389 1250 229 1234
454 1250 258 1041.2
463 1250 280 1030.85
329 1250 158 746.8
432 1250 278 1147.55
508 1250 272 861.75
533 1250 309 980.65
371 1250 223 1201.05
482 1250 260 1032.15
517 1250 293 763
489 1250 278 1153.35
527 1250 261 1088.7
451 1250 253 959.7
509 1250 300 996.95
434 1250 281 1129.1
445 1250 244 891
312 1250 284 1227.85
462 1250 241 1158.3
383 1250 263 1204.3
387 1250 234 1182.05
301 1250 185 1249.55
362 1250 254 1150.95
504 1250 255 816.25
381 1250 225 1056.65
239 1250 172 1237.65
335 1250 213 1214.15
373 1250 227 964.65
290 1250 166 1242.15
217 1250 193 1226
338 1250 221 1171.8
384 1250 228 1167.85
380 1250 217 1211.7
482 1250 241 719.3
474 1250 261 1039.35
462 1250 232 974.1
495 1250 268 803
302 1250 197 1235.35
401 1250 235 1177.9
477 1250 262 955.65
303 1250 163 1200.5
466 1250 263 775
493 1250 269 1071.8
351 1250 195 1175.15
395 1250 257 1240.85
501 1250 269 857.7
471 1250 241 1122.75
468 1250 286 865.6
522 1250 308 698.7
267 1250 143 1180
444 1250 272 1141.3
502 1250 266 879.05
355 1250 204 1123.15
450 1250 260 865.15
389 1250 233 1250
431 1250 226 1150.65
369 1250 266 1243
378 1250 185 1213.15
364 1250 231 1240.95
479 1250 253 1203.15
418 1250 233 1134.25
332 1250 237 1249.8
431 1250 246 1137.1
378 1250 215 1074.6
306 1250 183 1236.45
283 1250 189 1240.05
460 1250 261 1248.35
454 1250 267 1184.6
499 1250 287 1097.8
412 1250 226 1230.9
304 1250 205 1225.2
334 1250 212 1223.5
366 1250 220 1119.6
384 1250 230 1152.25
292 1250 182 1205.75
411 1250 251 1168
452 1250 268 904.5
433 1250 277 1158.15
487 1250 286 843.55
392 1250 285 1239.4
277 1250 192 1246.1
211 1250 169 1249.25
500 1250 291 1121.5
376 1250 244 1243.2
420 1250 239 1218.65
282 1250 224 1222.95
345 1250 215 1150.6
212 1250 137 1112.15
364 1250 193 1249.9
498 1250 259 874
466 1250 272 785.95
396 1250 259 1079.8
366 1250 216 1072.65
403 1250 227 1147.45
449 1250 284 1109.25
360 1250 193 1042.4
394 1250 205 878.35
428 1250 248 1215.5
277 1250 225 1249
452 1250 266 1067.55
478 1250 241 901.5
388 1250 260 1164.35
425 1250 253 922.15
478 1250 263 1142
346 1250 182 975.95
289 1250 174 988.35
268 1250 203 1157.55
496 1250 316 1242.95
436 1250 257 927.8
475 1250 259 898.35
425 1250 239 1072.2
423 1250 248 930.2
277 1250 191 1235.05
486 1250 289 1100.6
112 1250 105 1249.65
345 1250 188 1070.05
504 1250 289 941.05
487 1250 290 1166.15
376 1250 228 1244.15
397 1250 230 1124.75
334 1250 191 1248.5
525 1250 269 930.05
339 1250 203 1249.2
348 1250 221 1194.65
326 1250 191 1159.55
458 1250 215 1104.3
499 1250 251 1212.95
472 1250 258 1047.55
347 1250 162 787.75
493 1250 293 864.75
503 1250 297 1008.75
423 1250 252 923.4
338 1250 223 1188.5
429 1250 234 797.45
286 1250 196 1189.45
350 1250 243 1129.6
375 1250 235 1179.05
421 1250 195 982.45
392 1250 239 1174.1
490 1250 261 1183.45
443 1250 228 816.25
484 1250 258 1014.9
448 1250 247 1180.6
479 1250 277 1117.2
326 1250 209 1247.2
368 1250 227 1164.65
343 1250 187 1090.65
319 1250 187 1024.6
477 1250 239 1016.75
271 1250 137 897
342 1250 198 1137.15
211 1250 150 1226.5
449 1250 287 1068.8
482 1250 272 1123.3
491 1250 283 1239.2
283 1250 175 1062.35
361 1250 204 1219.95
462 1250 255 757.2
357 1250 232 1244.6
449 1250 247 1249.9
512 1250 274 987.15
383 1250 216 1175.55
351 1250 232 1135.8
404 1250 248 1243.15
217 1250 161 1232.9
447 1250 233 876.9
462 1250 285 1176.55
405 1250 231 1111.45
424 1250 221 705.35
430 1250 237 1242.85
446 1250 252 1140.55
353 1250 199 1119.55
552 1250 317 742.1
317 1250 164 1089.8
429 1250 246 956.6
258 1250 169 1247.8
487 1250 278 943.15
351 1250 227 1249.55
430 1250 243 752.8
484 1250 288 1034.85
332 1250 221 1182.5
93 1250 64 1248.35
442 1250 263 980.75
336 1250 244 1249.8
320 1250 200 1069.75
186 1250 123 1220.25
392 1250 236 1023.15
475 1250 278 934
336 1250 221 1222.9
347 1250 176 1095.6
239 1250 160 1207.85
300 1250 192 1216.95
456 1250 277 1065.3
372 1250 216 1190.2
422 1250 233 1094.25
503 1250 249 1207.2
452 1250 258 828.45
445 1250 244 1047.6
468 1250 241 1001.85
427 1250 257 1077.8
382 1250 245 1237.05
302 1250 232 1244.9
467 1250 262 1072.9
237 1250 146 1233.8
417 1250 247 1042.7
496 1250 272 1022.65
495 1250 272 1063.85
461 1250 251 902.15
471 1250 241 994.55
395 1250 227 1247.35
461 1250 237 1105.95
425 1250 221 1249.5
368 1250 204 1077.95
405 1250 241 1241.35
275 1250 172 1241.85
394 1250 224 1071.65
293 1250 193 1233.5
325 1250 212 1209.85
138 1250 128 1249.5
447 1250 292 1175.4
367 1250 216 1245.5
453 1250 259 1161.95
431 1250 233 905.9
380 1250 225 1030.6
511 1250 281 1072.6
473 1250 265 1099.25
417 1250 235 950.15
245 1250 221 1240
338 1250 220 1184.65
459 1250 241 990.7
361 1250 222 1204.1
551 1250 310 828.3
491 1250 270 1166.7
378 1250 249 1247.35
252 1250 187 1198.45
305 1250 231 1234.9
422 1250 270 1193.1
519 1250 285 1073.65
480 1250 274 1070.6
436 1250 265 1243.7
316 1250 210 1249.55
496 1250 255 950.6
509 1250 289 865.85
414 1250 277 1226.95
458 1250 234 832.2
436 1250 248 1128
445 1250 277 1120.45
437 1250 234 1147.25
426 1250 214 1081.15
326 1250 173 1160.4
320 1250 235 1154.35
511 1250 287 873.25
275 1250 169 1240.8
449 1250 242 1002.85
283 1250 195 1203.25
337 1250 222 1248.85
500 1250 264 913.15
484 1250 282 908.9
509 1250 287 732
327 1250 238 1248.65
444 1250 294 1227.4
330 1250 241 1148.8
425 1250 245 1030.6
421 1250 222 1050.85
431 1250 234 1171.75
504 1250 275 569.9
417 1250 234 1131.2
257 1250 164 1214.1
505 1250 272 996.75
392 1250 256 1198.95
443 1250 236 1012.8
457 1250 247 892.95
392 1250 220 1131.35
475 1250 266 1145.1
379 1250 232 1245
382 1250 224 1062.2
445 1250 266 1228.85
476 1250 268 740.35
347 1250 264 1244.4
420 1250 230 817.25
394 1250 221 1158.9
357 1250 216 991.7
464 1250 281 993.45
481 1250 240 1133.3
383 1250 232 1012.75
465 1250 258 841.1
360 1250 230 1223.3
484 1250 282 799.6
449 1250 272 1034.45
539 1250 268 877.1
364 1250 219 1200.6
376 1250 274 1243
455 1250 242 1138.7
224 1250 129 1190.9
489 1250 254 975.8
445 1250 254 1195.45
473 1250 237 747.7
450 1250 252 1171.7
442 1250 258 1230.25
505 1250 285 1135.7
392 1250 269 1219.55
377 1250 268 1133.25
423 1250 228 1123.45
375 1250 209 1052.8
522 1250 285 909.95
421 1250 230 815.35
356 1250 187 677.1
401 1250 252 1234.6
474 1250 261 939.3
473 1250 238 1061.15
184 1250 149 1205.15
523 1250 283 717.65
539 1250 297 825.9
515 1250 309 904.05
402 1250 213 943.9
158 1250 129 1249.55
262 1250 200 1245.75
194 1250 131 1196.15
530 1250 285 845.3
450 1250 273 1201.15
282 1250 196 1090.2
451 1250 232 1004.1
474 1250 278 1038.75
360 1250 204 1240.45
419 1250 211 1144.15
390 1250 195 1104.45
507 1250 285 758.6
482 1250 235 597.1
359 1250 231 1249.95
374 1250 187 702.8
233 1250 180 1213.4
445 1250 244 1101.45
497 1250 274 781.05
436 1250 284 1073.55
437 1250 266 1246.25
456 1250 236 846.55
365 1250 230 1208.95
367 1250 216 1242.9
427 1250 243 1089.7
387 1250 221 895.3
247 1250 167 1113.45
281 1250 153 1047.95
183 1250 108 1237.85
288 1250 165 1248.55
320 1250 186 925.95
233 1250 130 1121.05
229 1250 129 1047.3
144 1250 124 1198.2
256 1250 146 1174.7
293 1250 206 1107.5
286 1250 191 1235.15
238 1250 150 1107.25
207 1250 144 1240.5
262 1250 157 1242.75
178 1250 114 1098.9
213 1250 124 1248.45
224 1250 112 1127.45
316 1250 195 1135.45
258 1250 179 1223.55
215 1250 138 1196.2
373 1250 217 1092.3
275 1250 162 1224.25
254 1250 156 1230.35
298 1250 158 843.1
256 1250 161 1163.85
194 1250 111 1206.55
172 1250 151 1227.35
298 1250 187 1082.8
235 1250 160 1247.35
309 1250 194 977.75
181 1250 116 1246.7
358 1250 210 1197.75
367 1250 196 1010
269 1250 169 965.5
193 1250 112 1228.45
311 1250 185 1191.45
257 1250 155 1172.7
190 1250 142 1185.75
73 1250 57 1247.7
274 1250 152 1246.15
376 1250 228 1016.6
249 1250 158 1239.2
123 1250 76 1226.3
223 1250 145 1183.3
239 1250 163 1223.15
278 1250 185 1244.4
231 1250 177 1247.6
301 1250 196 1241.65
299 1250 199 1250
196 1250 115 1194.5
233 1250 155 1248.6
191 1250 144 1222.65
256 1250 138 1103.4
309 1250 169 840.35
206 1250 137 1248.65
277 1250 191 1234
307 1250 187 1242.15
179 1250 112 1224.35
157 1250 83 1243.35
211 1250 133 1041.75
273 1250 194 1248.05
228 1250 146 1234.15
386 1250 232 1090.35
338 1250 207 1124
228 1250 142 1221.65
252 1250 128 1167.35
341 1250 215 1247
284 1250 148 1170.15
227 1250 130 1045.25
180 1250 123 1249.85
416 1250 236 1172.15
350 1250 198 1127.55
290 1250 164 1246.35
366 1250 238 1174.45
253 1250 157 1232.1
98 1250 62 1241
219 1250 136 1246.35
189 1250 154 1175.5
195 1250 111 1038.65
218 1250 119 971.25
219 1250 121 980.75
323 1250 190 1222.25
333 1250 192 1025.4
197 1250 146 1100.8
326 1250 198 1190.65
310 1250 200 1073.55
359 1250 188 1087.95
232 1250 178 1249.8
277 1250 194 1243.45
242 1250 150 944.6
52 1250 25 1012.5
272 1250 141 1150.15
234 1250 140 1151
122 1250 125 1237.15
230 1250 155 1042.7
312 1250 160 1246.5
203 1250 137 1190.55
244 1250 153 1055.1
272 1250 175 1235.65
241 1250 169 1238.4
191 1250 115 818.75
266 1250 166 1137.85
319 1250 199 1111.5
100 1250 76 1249.85
209 1250 136 1149.25
352 1250 177 1173.45
229 1250 152 1233.9
296 1250 205 1239.65
178 1250 121 1249.95
199 1250 129 1238.5
56 1250 35 854.15
226 1250 122 1239.35
371 1250 197 917.3
182 1250 125 1247.25
171 1250 146 1235.15
259 1250 141 1067.95
253 1250 151 1154.25
283 1250 155 1241.6
292 1250 197 1247.75
310 1250 170 1248.65
243 1250 153 1241.55
175 1250 122 1183.65
300 1250 222 1249.3
208 1250 130 1235.95
218 1250 123 1079.55
203 1250 114 1220.4
320 1250 172 1136.75
213 1250 144 1104.85
215 1250 113 1012.15
241 1250 146 946.2
218 1250 138 1228.85
147 1250 87 1244.5
326 1250 190 1210.25
329 1250 169 898.95
197 1250 116 1139.75
255 1250 140 1093.25
184 1250 123 1243.05
177 1250 95 1220.4
227 1250 152 1246.15
250 1250 179 1246.2
70 1250 54 1225.35
304 1250 165 992.35
218 1250 136 1218.5
149 1250 105 1175.85
288 1250 183 1125.85
257 1250 160 1033.95
229 1250 149 1228.65
330 1250 194 1249.1
221 1250 145 1242
195 1250 136 1034.65
228 1250 120 1143.05
250 1250 133 1230.3
263 1250 139 1167.4
298 1250 176 1139.5
255 1250 163 1192.35
346 1250 230 1246.9
234 1250 142 1231.3
177 1250 105 1161.45
237 1250 135 1242.95
247 1250 136 1248.35
77 1250 56 1221.85
373 1250 208 1095.4
211 1250 115 1226.4
378 1250 200 1246.8
296 1250 178 1149.8
109 1250 75 1091.05
293 1250 175 1222.8
183 1250 116 1247.7
193 1250 112 1177.95
164 1250 123 1233.25
326 1250 168 1220
246 1250 168 1205.65
159 1250 124 1207.65
208 1250 114 1225.1
277 1250 181 1217.75
209 1250 178 1249
246 1250 191 1214.15
231 1250 152 1173.35
353 1250 184 1142.35
272 1250 164 1205.25
252 1250 150 1231.7
231 1250 160 1233.75
176 1250 87 876.65
229 1250 133 1228.4
352 1250 231 1136.95
289 1250 157 1248.65
225 1250 157 1238.55
272 1250 149 763.3
205 1250 127 1238.55
124 1250 86 1189.25
301 1250 179 1129.1
231 1250 153 1238.2
149 1250 85 1183.9
176 1250 120 1234.3
333 1250 185 915.35
292 1250 154 1177
348 1250 206 1138.85
227 1250 140 1041.85
180 1250 101 1241
227 1250 158 1237.85
338 1250 195 1223.4
245 1250 170 1221.75
107 1250 88 1249.45
323 1250 176 1112.15
294 1250 210 1177.15
160 1250 125 1239.9
228 1250 177 1242.65
341 1250 198 869
49 1250 41 1248.65
298 1250 188 1039.65
343 1250 232 1247.15
320 1250 186 865.35
312 1250 166 817.6
246 1250 176 1245.05
187 1250 151 1229.3
298 1250 188 1207.8
227 1250 128 1146
211 1250 146 1248.8
243 1250 174 1173.05
161 1250 99 1119.15
223 1250 174 1188.75
298 1250 201 1227.7
52 1250 29 1213.1
333 1250 171 1119.1
241 1250 134 787.45
149 1250 126 1234.45
332 1250 206 1075.55
340 1250 200 1136.3
322 1250 196 1243.5
299 1250 195 1235.65
224 1250 121 1220.05
336 1250 189 1247.75
1 1250 6 0.05
255 1250 159 1126.75
239 1250 176 1249.7
196 1250 133 1206.55
207 1250 120 1098.95
303 1250 214 1247.3
371 1250 214 1075.45
215 1250 132 1237.25
316 1250 215 1205.4
124 1250 119 1247.9
265 1250 161 1240.15
279 1250 169 1210.2
133 1250 113 1245.25
81 1250 52 948.55
280 1250 192 1229.25
139 1250 97 1242.8
264 1250 148 1183.7
137 1250 99 1207.1
274 1250 159 1174.7
173 1250 120 1141.5
176 1250 94 1228.9
318 1250 189 1109.05
308 1250 163 1190.7
233 1250 134 1244.4
133 1250 76 1222.95
108 1250 81 1129.3
256 1250 155 1229.3
262 1250 163 1249.85
196 1250 123 1245.65
225 1250 157 1247.95
212 1250 140 1234.55
323 1250 174 1234.55
320 1250 178 1154.1
257 1250 125 1040.75
325 1250 183 1242.8
300 1250 194 1121.4
341 1250 194 1162.4
257 1250 140 1008.3
314 1250 191 1197.45
382 1250 196 852.4
281 1250 203 1238.1
189 1250 138 1247
264 1250 150 920
312 1250 180 1229.95
293 1250 185 1214.75
272 1250 154 953.75
249 1250 143 1173.2
208 1250 101 703.9
295 1250 152 888.3
227 1250 139 1236.6
296 1250 185 1189.75
87 1250 73 1229.35
138 1250 103 1245.9
249 1250 137 1118.9
247 1250 152 1155.65
329 1250 176 990.35
121 1250 84 1136.4
178 1250 134 1248.55
346 1250 228 1192.05
227 1250 161 1205.8
170 1250 107 1204.1
289 1250 165 1128.35
259 1250 138 1130.85
338 1250 196 1210.9
331 1250 188 712.1
308 1250 165 1029.2
172 1250 101 1096.1
204 1250 113 1141.4
219 1250 129 1172.5
309 1250 184 1131.45
232 1250 108 986.75
231 1250 177 1247.6
245 1250 171 1208.4
276 1250 189 1245.45
153 1250 97 1247.25
195 1250 118 1175.05
278 1250 178 1191.45
165 1250 109 950.75
280 1250 149 932.1
216 1250 148 1236.85
273 1250 187 1216.8
289 1250 176 1162.35
202 1250 114 1139.8
232 1250 168 1249.1
299 1250 174 1249.9
169 1250 96 1248.6
162 1250 116 1234.45
272 1250 165 1085.9
222 1250 169 1142.15
168 1250 126 1228.6
318 1250 194 1180.2
380 1250 239 1170.55
276 1250 203 1237.75
266 1250 165 1033.5
123 1250 79 830.15
210 1250 142 1193
149 1250 114 1212.85
261 1250 140 1221.55
387 1250 233 1139.15
305 1250 156 1236.4
318 1250 165 1104.15
367 1250 188 1037.3
357 1250 203 1091.55
273 1250 175 1194.65
232 1250 149 1241.6
191 1250 132 1224.45
110 1250 70 1249.1
301 1250 188 1200.95
101 1250 77 1226.15
331 1250 198 942.15
128 1250 75 1245.1
199 1250 141 1235.3
396 1250 225 1194.7
289 1250 198 1162.45
292 1250 173 1228.65
250 1250 147 1062
361 1250 218 1063.75
234 1250 144 1243.3
256 1250 144 1232.4
288 1250 161 1175.6
67 1250 38 1194.25
180 1250 105 1208.7
204 1250 102 724.25
308 1250 206 1221.7
163 1250 93 1114.1
275 1250 185 1140.1
336 1250 195 1082.65
375 1250 204 1078.4
371 1250 224 977.45
249 1250 176 1249.1
380 1250 198 979.45
302 1250 180 1231.2
296 1250 196 1228.2
186 1250 139 1244.45
308 1250 210 1245.55
179 1250 96 1153.85
255 1250 175 1219.25
132 1250 80 1109.45
174 1250 113 1215.4
191 1250 109 1220
258 1250 168 1243
328 1250 171 977.3
242 1250 146 1249.75
384 1250 225 1062.9
329 1250 187 1147.9
152 1250 90 1175.85
224 1250 135 1232.9
277 1250 150 1243.95
228 1250 140 1232.3
269 1250 171 1214.8
339 1250 236 1249.1
162 1250 101 1235
262 1250 152 741.4
113 1250 71 1243.3
231 1250 137 1125.75
366 1250 203 1012.6
414 1250 215 1190.55
161 1250 122 1235.05
287 1250 146 1249.4
254 1250 174 1248.5
180 1250 139 1241.3
291 1250 169 1148.45
258 1250 143 1231.05
198 1250 150 1247.9
154 1250 114 1242
300 1250 188 1191.85
313 1250 196 1165.45
385 1250 213 1055.8
233 1250 109 736.4
277 1250 194 1238.1
226 1250 138 1247.15
87 1250 78 1239.35
227 1250 138 1210.75
169 1250 95 840.55
272 1250 144 1242.65
344 1250 189 1249.55
166 1250 91 1110.65
341 1250 206 1235.4
205 1250 157 1242.05
253 1250 181 1245.15
251 1250 157 1119
142 1250 102 1197.35
239 1250 152 1240.2
287 1250 154 1017.9
261 1250 189 1193.75
217 1250 134 1194.6
277 1250 225 1238.1
201 1250 112 1172.8
309 1250 205 1226.1
204 1250 112 1178.05
247 1250 136 1070.1
217 1250 167 1225.25
422 1250 230 894.95
292 1250 197 1185.65
293 1250 206 1241.55
176 1250 90 1043.25
367 1250 219 1108.2
142 1250 88 743.65
435 1250 251 1076.3
265 1250 139 958.85
289 1250 191 1166.3
235 1250 181 1246.6
366 1250 221 1133.6
327 1250 189 1203.3
321 1250 205 1233.35
309 1250 146 1046.5
302 1250 148 1012.1
99 1250 59 633.3
221 1250 161 1249.75
331 1250 191 950
107 1250 80 1173.8
330 1250 213 1249.95
310 1250 195 1174.85
282 1250 168 1245.2
236 1250 135 1140.75
202 1250 144 1249
248 1250 147 1218.25
161 1250 126 1230.35
270 1250 170 1238.05
261 1250 170 1140.9
184 1250 140 1249.95
312 1250 211 1147.15
238 1250 137 853.85
256 1250 164 1248.45
148 1250 126 1222.1
259 1250 181 1228.3
169 1250 131 1219.8
236 1250 154 1235.7
266 1250 166 1225.85
133 1250 81 968.8
278 1250 186 1167.45
188 1250 126 959.55
404 1250 214 1206.5
300 1250 173 1151.6
355 1250 188 913.5
138 1250 141 1246.15
245 1250 134 945.85
339 1250 197 1151.2
272 1250 155 1013.45
218 1250 138 1137.4
281 1250 200 1235.5
283 1250 155 1235.85
274 1250 198 1161.95
159 1250 99 1034.95
227 1250 155 1239
340 1250 208 1233.05
279 1250 172 1239.9
253 1250 165 1181.4
146 1250 101 1237.85
290 1250 141 1089.2
207 1250 128 979.8
316 1250 185 1033.55
244 1250 157 1237.6
175 1250 112 1239.3
242 1250 142 1248.4
353 1250 230 1189.45
216 1250 147 1183.5
231 1250 153 1233.9
298 1250 184 1153.05
134 1250 74 1105.75
277 1250 165 1019.55
259 1250 125 890.15
225 1250 132 1239.4
217 1250 149 1223.2
247 1250 136 1248.9
238 1250 126 970.55
213 1250 129 1227.1
371 1250 211 727.35
371 1250 224 1187.35
110 1250 65 824.6
122 1250 76 1204.1
58 1250 44 1244.55
46 1250 25 372.7
159 1250 98 1198.95
107 1250 70 1230.75
34 1250 24 176.45
177 1250 109 1181.15
150 1250 95 1243.15
106 1250 78 1235.2
53 1250 33 938.8
130 1250 91 1241.55
179 1250 118 1234.65
158 1250 107 1216.7
152 1250 102 1249
155 1250 93 933.7
112 1250 96 1240.8
114 1250 77 1203.55
114 1250 66 1145.85
100 1250 58 1117.4
145 1250 88 1247.15
138 1250 82 1213.7
106 1250 102 1239.4
72 1250 56 1130.2
155 1250 97 1111.25
114 1250 81 1228.3
216 1250 131 999.75
74 1250 47 843.65
136 1250 70 1223.5
244 1250 142 1163.8
151 1250 112 1249.15
185 1250 107 962.85
119 1250 71 1239
85 1250 70 1235.55
133 1250 82 816.3
90 1250 50 1165.95
154 1250 99 1191.55
164 1250 103 1150.05
96 1250 48 1100.55
119 1250 80 1233.05
144 1250 80 1069.65
86 1250 50 1246.95
98 1250 65 1232.7
164 1250 77 952.95
81 1250 67 1171.2
187 1250 95 1245.15
136 1250 113 1245.7
99 1250 72 1244.05
11 1250 15 119
48 1250 35 1044.65
45 1250 31 1187
163 1250 112 1207
172 1250 112 1139.1
96 1250 70 1241.35
175 1250 99 1202.5
32 1250 35 1248.15
111 1250 66 947.95
132 1250 76 623.85
118 1250 63 1227.3
70 1250 43 1117.1
237 1250 118 1198.05
108 1250 59 862.45
203 1250 121 959.45
160 1250 108 1173.35
160 1250 100 1236.35
75 1250 43 1183.85
136 1250 91 1078
81 1250 61 1197.2
100 1250 55 1014.7
230 1250 159 1177.9
82 1250 55 413.25
31 1250 38 1243.8
182 1250 104 1174.2
153 1250 125 1204.15
52 1250 47 1250
34 1250 24 1241.55
2 1250 5 0.05
94 1250 45 699.65
96 1250 59 1240.15
104 1250 66 1133.75
157 1250 102 1198.8
117 1250 80 1217.3
42 1250 51 1241.15
96 1250 60 1142.65
205 1250 113 1091.15
185 1250 140 1128.65
57 1250 53 1247.6
50 1250 31 640.5
144 1250 81 1000.85
220 1250 137 1017
98 1250 59 1216.2
179 1250 102 1188.05
184 1250 104 1185.65
177 1250 101 1232.4
96 1250 72 1201.3
97 1250 77 1248.35
150 1250 103 1238
74 1250 70 1181.05
94 1250 66 1244.05
112 1250 96 1249
72 1250 38 706.4
229 1250 134 1210.85
269 1250 139 984.65
56 1250 42 1169.3
96 1250 56 1218.8
179 1250 119 1161.55
118 1250 71 1132.8
12 1250 13 1174.35
178 1250 100 1226.45
231 1250 133 1077.4
116 1250 80 1246.2
145 1250 81 646.25
201 1250 104 975.55
109 1250 62 747.45
170 1250 84 942.7
66 1250 41 1248.3
95 1250 72 1241.2
206 1250 109 853.15
173 1250 98 1137.3
147 1250 101 1249.55
169 1250 99 1206.75
151 1250 102 1196.2
114 1250 83 1247.15
141 1250 91 1239.85
112 1250 74 675.95
203 1250 105 1077
251 1250 126 695.15
86 1250 50 1129.55
138 1250 101 1209.7
176 1250 103 1193.7
58 1250 38 1194.65
163 1250 103 1140.1
249 1250 154 1223.25
80 1250 48 1063.15
184 1250 116 1249.3
207 1250 116 1082.1
156 1250 76 902.95
155 1250 87 1156.65
16 1250 12 1241.35
226 1250 123 1211.15
97 1250 54 990.55
201 1250 105 1015.9
63 1250 44 1245.65
190 1250 111 1184.45
76 1250 42 921.1
115 1250 68 656.95
91 1250 57 957.55
194 1250 125 1248.4
130 1250 99 1217.55
141 1250 105 1238.85
134 1250 91 923.7
158 1250 101 1106.6
190 1250 106 930.1
214 1250 108 965.3
129 1250 84 1240.65
232 1250 137 1233.25
210 1250 123 1039.35
136 1250 87 630.5
102 1250 62 928.35
160 1250 105 1036.55
194 1250 144 1203.35
37 1250 28 1181.85
217 1250 111 1156.65
162 1250 91 1230.25
38 1250 32 1210.45
195 1250 104 735.85
127 1250 95 1097.35
130 1250 72 883.9
164 1250 110 1247
100 1250 86 1246.6
79 1250 60 1238.25
151 1250 93 1212.45
198 1250 114 1166.15
169 1250 100 975.25
101 1250 72 1214.95
130 1250 81 1163.95
126 1250 84 1246.4
119 1250 67 1221.3
195 1250 116 1003.65
82 1250 53 1199.15
110 1250 60 1097.6
136 1250 88 1246.55
100 1250 80 1086.8
49 1250 29 1110.4
60 1250 33 965.05
64 1250 39 1017.45
109 1250 86 1245.3
216 1250 138 1249.45
110 1250 80 1248.6
89 1250 75 1243.5
187 1250 115 1135.4
77 1250 50 1244
88 1250 52 1085.2
71 1250 45 817.15
177 1250 106 1242.8
98 1250 64 1198.85
136 1250 89 1197.85
73 1250 56 1236.25
167 1250 88 1172.55
245 1250 128 1214.45
34 1250 28 1087.45
245 1250 132 971.05
131 1250 117 1213.7
115 1250 84 1217.8
97 1250 73 1148.25
112 1250 80 1240.2
48 1250 31 712.9
139 1250 81 1139.85
97 1250 72 1186.8
213 1250 124 961.2
62 1250 37 893.75
129 1250 95 1248.85
58 1250 56 1180.9
145 1250 100 1245.95
168 1250 96 1230.25
160 1250 86 1207.25
190 1250 106 826.45
86 1250 58 790.3
195 1250 130 1203.1
95 1250 65 1245.55
169 1250 98 1234.65
46 1250 32 1049.85
129 1250 77 1236.15
82 1250 45 947.2
113 1250 64 1183.2
103 1250 71 1222.8
87 1250 49 898.85
221 1250 131 1069.65
230 1250 175 1249.5
46 1250 33 660.35
79 1250 61 1242.85
60 1250 37 508.5
252 1250 136 927.85
132 1250 76 1173.9
78 1250 52 885.95
202 1250 109 1152.6
93 1250 68 1235
103 1250 86 1244.2
128 1250 97 1236.65
108 1250 61 1045.5
52 1250 34 1175.15
162 1250 90 844.35
94 1250 50 497.8
168 1250 95 1018.85
133 1250 71 1229.05
216 1250 125 1196.45
118 1250 100 1245.35
52 1250 30 1086.35
122 1250 74 1221.6
83 1250 73 1245.9
98 1250 59 1118
114 1250 84 1236.55
149 1250 77 876.65
131 1250 73 759
127 1250 64 834.1
188 1250 109 1127.25
198 1250 137 1123.95
210 1250 107 1227.15
118 1250 81 1216.35
59 1250 39 855.8
76 1250 47 880.55
132 1250 78 999.75
209 1250 119 879.05
168 1250 100 1038
76 1250 59 1164.2
144 1250 73 1003.4
120 1250 76 1234.2
64 1250 43 746.2
142 1250 107 1217.8
110 1250 63 1204.9
158 1250 92 949.25
109 1250 72 1242.05
84 1250 62 960.1
143 1250 73 1228
118 1250 60 1149.7
147 1250 98 980.6
148 1250 84 967.4
167 1250 97 647.95
207 1250 90 1000.6
159 1250 91 1240.65
175 1250 99 977.85
12 1250 17 1247.95
170 1250 95 809.8
145 1250 80 993.8
91 1250 61 1244
145 1250 86 1242.5
98 1250 66 1186.35
150 1250 114 1234.9
212 1250 130 1194.9
169 1250 103 1075.15
154 1250 100 1177.45
70 1250 59 1247.55
106 1250 80 1245.55
54 1250 38 1127.6
183 1250 126 1238.45
149 1250 109 1246.6
134 1250 84 1247.05
242 1250 169 1219.3
89 1250 56 1098.3
270 1250 188 1095.2
266 1250 184 1234.25
139 1250 89 1226.3
146 1250 90 1210.3
132 1250 91 1065.25
106 1250 70 1247.6
1 1250 6 0.05
98 1250 68 1086.35
74 1250 50 971.8
95 1250 60 1237.5
43 1250 32 478.45
37 1250 23 990.4
183 1250 91 1118
161 1250 107 1197.8
89 1250 51 879.6
133 1250 86 1197.7
134 1250 99 1246.9
108 1250 66 1242.5
274 1250 149 826.4
200 1250 125 1077.45
286 1250 149 976.7
159 1250 101 1175.1
164 1250 87 968.85
119 1250 70 1057.95
133 1250 107 1238.8
135 1250 84 1216.45
122 1250 94 1098.35
171 1250 86 1093.75
148 1250 92 1249.85
103 1250 62 1101.1
45 1250 31 844.85
172 1250 101 1234.05
67 1250 39 1211.35
206 1250 126 1148.65
148 1250 106 1204.3
175 1250 92 1082.4
187 1250 130 1242.65
165 1250 93 1226.25
155 1250 98 1114.25
133 1250 89 1208.65
147 1250 102 1070.35
163 1250 102 1066.3
115 1250 73 1249.35
93 1250 56 1227.4
149 1250 92 1211.65
97 1250 72 1195.6
236 1250 157 1164.6
112 1250 77 1188.6
147 1250 73 956.3
75 1250 43 939.8
63 1250 50 591.6
91 1250 44 511.65
148 1250 80 1249.7
107 1250 76 1249.95
119 1250 70 856.8
112 1250 81 1250
153 1250 95 1098.4
193 1250 110 804.65
155 1250 95 1228
235 1250 150 1196.65
122 1250 88 1016.2
125 1250 84 1239
56 1250 35 1094.25
179 1250 122 1187.65
11 1250 11 169.25
120 1250 72 974.1
146 1250 82 967.9
223 1250 128 869.4
174 1250 95 651.3
114 1250 68 1046.05
167 1250 91 1222.8
109 1250 52 630.05
168 1250 89 1014.2
39 1250 24 438.35
203 1250 113 1012.65
143 1250 82 1100.1
158 1250 86 924.45
164 1250 102 1247.4
52 1250 27 1001.9
185 1250 114 1022.75
85 1250 45 836.7
112 1250 72 1234.2
172 1250 106 1215.85
26 1250 18 1229.75
174 1250 104 1219
130 1250 88 1191.15
48 1250 29 436.9
111 1250 61 1105
25 1250 15 433.5
184 1250 141 1246
2 1250 6 3.45
148 1250 121 1249.85
139 1250 83 991.5
170 1250 110 1240.05
39 1250 24 1164.45
108 1250 77 1176.95
209 1250 135 1126.85
4 1250 7 327.4
94 1250 52 1249.25
130 1250 70 1221.9
149 1250 82 1047.45
176 1250 111 1241.9
64 1250 34 1025.05
155 1250 89 1208.7
137 1250 61 1214.25
102 1250 57 976.35
107 1250 78 1248.5
283 1250 178 1190.3
137 1250 92 1243.7
207 1250 146 1065.15
104 1250 55 1141.45
185 1250 120 1194.7
124 1250 70 840.1
140 1250 91 1196.65
66 1250 51 1234.5
166 1250 103 1170.6
92 1250 55 1120.8
171 1250 99 1000.4
134 1250 86 1235.25
167 1250 102 1113.6
47 1250 21 907.75
173 1250 90 945.55
74 1250 48 928.4
160 1250 117 1168.6
167 1250 129 1239.6
100 1250 59 872.45
95 1250 57 1244.85
121 1250 71 1046.6
89 1250 45 1025
64 1250 35 888.15
171 1250 91 1067.15
68 1250 34 793.35
65 1250 45 1177.1
190 1250 114 897.95
161 1250 85 1138.6
141 1250 86 1182.4
155 1250 78 700.15
116 1250 67 938.45
71 1250 37 1089.7
127 1250 59 1066.6
59 1250 47 1242.75
234 1250 164 1159.25
149 1250 94 1185.3
238 1250 148 987.75
154 1250 110 1211.2
89 1250 57 1249.8
80 1250 68 1243.25
180 1250 95 532.45
269 1250 141 898.05
220 1250 135 1232.05
143 1250 79 1076.85
203 1250 129 1248.75
11 1250 8 85.05
120 1250 74 1201.4
65 1250 30 895.55
226 1250 150 1200.5
50 1250 28 1218.85
76 1250 77 1247.1
192 1250 146 1243.5
142 1250 87 1249.65
110 1250 53 1232.9
88 1250 50 1103.15
202 1250 112 1076.4
134 1250 83 1230.25
108 1250 80 1217.2
188 1250 127 995.95
174 1250 92 1246.1
225 1250 136 1237.65
126 1250 82 1247.95
123 1250 78 1053.85
197 1250 96 1126.95
81 1250 53 1056.45
222 1250 115 1121.95
41 1250 29 1205.4
108 1250 70 1247.85
124 1250 96 1199.75
185 1250 112 1236.15
166 1250 86 978.6
23 1250 17 815
195 1250 117 1236.2
129 1250 72 981.9
216 1250 118 1106.2
128 1250 87 1249.1
182 1250 111 1000.9
247 1250 176 1236.5
219 1250 127 1216.55
159 1250 101 1229.25
216 1250 150 1218.5
151 1250 80 1109.6
152 1250 96 1189.7
130 1250 78 963.05
63 1250 39 725
199 1250 111 874.45
231 1250 141 1240.65
130 1250 88 1224.25
137 1250 66 1192.4
108 1250 85 1099.35
104 1250 59 1161
182 1250 102 1176.6
61 1250 37 958.4
62 1250 49 1248.15
39 1250 29 831.2
48 1250 23 201.85
72 1250 40 273.05
49 1250 38 1233.85
38 1250 36 262.45
100 1250 65 1110.65
141 1250 77 850.35
45 1250 28 749.3
136 1250 86 1235.05
106 1250 78 1174.35
52 1250 35 729.15
91 1250 54 885.5
129 1250 82 962.5
28 1250 18 1091.55
31 1250 23 1189.9
43 1250 26 1127.25
113 1250 76 1068.8
78 1250 60 1113.7
152 1250 91 1241.7
17 1250 14 1233.75
89 1250 43 791.5
26 1250 19 970.55
95 1250 60 852
34 1250 22 642.3
90 1250 60 1083.1
114 1250 65 605.55
49 1250 39 466.25
37 1250 24 525.2
109 1250 68 1160.2
54 1250 35 1115
32 1250 21 1237.35
69 1250 33 763
133 1250 83 1132.45
63 1250 42 1053.85
100 1250 58 1241.4
68 1250 39 1211.2
60 1250 39 1087.4
64 1250 40 951.25
1 1250 5 0.05
45 1250 30 340.75
66 1250 38 671.3
66 1250 39 963.7
94 1250 52 1045.05
98 1250 69 1244
54 1250 37 1228.15
103 1250 55 1178.6
41 1250 34 954.15
47 1250 25 817.65
82 1250 53 1180.7
155 1250 83 1033.65
88 1250 46 989.2
78 1250 44 856.5
139 1250 95 1154.45
46 1250 30 1194.55
89 1250 67 1243.8
67 1250 58 1168.9
2 1250 8 0.05
12 1250 16 110.9
53 1250 32 469.05
72 1250 40 1145.35
103 1250 78 1195.35
79 1250 50 1028.65
25 1250 14 204.6
75 1250 47 1167.3
46 1250 24 1034.55
60 1250 39 809.55
73 1250 45 685.9
145 1250 72 983.9
161 1250 110 940.2
33 1250 21 834.1
104 1250 52 1093.25
42 1250 26 974.25
101 1250 68 1228.3
35 1250 16 103.5
35 1250 24 1147.55
19 1250 15 618.1
105 1250 64 1196.05
95 1250 57 1187.85
59 1250 40 1225.2
65 1250 54 1242.85
66 1250 54 1242
48 1250 34 699.4
116 1250 65 1088.4
42 1250 27 616.65
32 1250 23 388.35
79 1250 50 797.85
49 1250 38 1236.95
123 1250 69 1244.25
80 1250 49 602.7
121 1250 65 1094.85
38 1250 22 1166.95
84 1250 49 1231.5
67 1250 36 1044.65
25 1250 19 391.7
88 1250 56 1242
59 1250 41 1225.05
82 1250 64 1221.25
90 1250 56 648.75
51 1250 34 687.25
114 1250 72 1184.85
102 1250 72 526.2
25 1250 19 327.85
14 1250 19 1245.6
71 1250 45 1118.3
114 1250 61 932.9
65 1250 45 1201.45
38 1250 29 852.05
100 1250 67 1096.05
104 1250 74 1189.5
74 1250 57 1235.35
81 1250 43 772.75
74 1250 71 1226.45
44 1250 29 1104.3
92 1250 64 1220.25
61 1250 35 1089.6
113 1250 58 1167.95
46 1250 37 946.35
55 1250 36 1208.35
76 1250 47 1076.55
150 1250 88 1016.8
81 1250 42 423.55
103 1250 74 995
87 1250 45 329.8
101 1250 70 1220.25
81 1250 55 978.5
4 1250 13 135.6
40 1250 21 946.2
145 1250 99 1202.1
130 1250 75 1130.2
88 1250 48 816.05
43 1250 30 632.85
45 1250 29 821.7
27 1250 25 385.05
41 1250 27 641
99 1250 67 1057.35
72 1250 52 1180.4
63 1250 51 1188.4
111 1250 76 1229.4
35 1250 25 204.4
68 1250 43 671.35
70 1250 57 1220.9
68 1250 44 1203.45
57 1250 37 507.95
34 1250 23 379
44 1250 28 344.6
42 1250 25 1044.5
53 1250 43 699.85
55 1250 57 1204.45
41 1250 28 700
83 1250 40 639.8
48 1250 29 382.9
30 1250 29 1235.6
2 1250 14 94.35
88 1250 45 850.85
79 1250 49 1196
34 1250 32 1246.05
61 1250 35 1218.3
27 1250 20 809.7
80 1250 49 1246.3
104 1250 62 1017.65
148 1250 95 1204.1
89 1250 52 992.15
36 1250 27 1185.85
98 1250 76 1239.7
24 1250 15 172.05
50 1250 37 460.85
81 1250 66 1248.5
56 1250 34 743.15
40 1250 29 1119.05
56 1250 33 719.7
82 1250 59 1163.4
20 1250 17 1076.4
37 1250 28 1143.1
94 1250 56 983.55
113 1250 69 1147.7
77 1250 50 1081.95
149 1250 86 1226.9
85 1250 60 1243.8
120 1250 83 678.15
70 1250 40 1043.4
72 1250 41 729.9
108 1250 68 637.7
69 1250 38 1076.1
83 1250 49 1247.8
106 1250 69 1104.85
35 1250 28 1232.75
129 1250 71 840.15
17 1250 17 1238.6
64 1250 37 1247.55
68 1250 49 803.5
70 1250 44 1228.75
134 1250 85 1238.15
3 1250 11 9
68 1250 41 1112.6
41 1250 21 854.75
26 1250 23 535.75
101 1250 66 1110.25
61 1250 37 1239.65
78 1250 46 1113.3
86 1250 40 1020.65
135 1250 65 978.15
70 1250 41 1098.1
87 1250 49 1080.1
67 1250 42 1248.75
17 1250 14 661.05
80 1250 63 961.65
84 1250 50 914.7
106 1250 54 1066.6
86 1250 50 1023.8
16 1250 11 930.15
27 1250 20 149.6
123 1250 73 1040.3
44 1250 27 1157.45
117 1250 69 1120.8
119 1250 77 1183.75
65 1250 46 1202.55
48 1250 30 690.5
90 1250 54 704.85
54 1250 30 1126.6
26 1250 16 930.9
100 1250 52 1152.55
14 1250 13 1168.5
51 1250 25 1243.25
52 1250 37 1241.2
66 1250 53 1094.15
72 1250 42 920.7
100 1250 56 685.1
23 1250 21 621.15
97 1250 69 1180.3
141 1250 73 951.6
29 1250 13 284.35
56 1250 35 1039.5
122 1250 81 1051.8
71 1250 44 1212.85
73 1250 58 1237.7
32 1250 19 624.35
146 1250 77 812.95
129 1250 73 1092.8
39 1250 33 571.05
126 1250 66 838.95
56 1250 37 1221.3
33 1250 20 544.05
67 1250 34 830.65
38 1250 33 1215.3
30 1250 17 14.65
27 1250 20 344.6
75 1250 51 1132.55
78 1250 54 1192.65
101 1250 50 1028.25
154 1250 102 1073.7
76 1250 51 1225.6
90 1250 46 1008.8
142 1250 101 1073
40 1250 26 1158.5
35 1250 26 1163.4
47 1250 30 863.05
41 1250 25 887.5
125 1250 65 1126.3
91 1250 54 942.45
138 1250 96 1145.05
51 1250 31 575.75
109 1250 60 1225.35
110 1250 69 1208.3
69 1250 40 331.55
20 1250 15 225.25
20 1250 14 889.1
72 1250 56 1153.25
49 1250 30 1248.55
120 1250 63 580.65
70 1250 43 1094.1
68 1250 52 1241.8
71 1250 44 467.9
22 1250 22 224.65
96 1250 47 410.75
39 1250 29 1161.55
94 1250 48 1174.45
23 1250 30 1218.6
107 1250 65 1105.05
44 1250 35 642.6
121 1250 82 978.05
84 1250 52 1195.75
39 1250 24 893.8
0 1250 5 0.05
167 1250 81 705.25
57 1250 33 931.05
49 1250 36 375.6
29 1250 18 789.35
54 1250 38 1237.5
71 1250 43 1047.7
27 1250 15 1149.3
99 1250 56 1229.75
113 1250 66 554.95
93 1250 62 1001.8
52 1250 32 819.85
51 1250 34 1229.45
97 1250 45 1143.65
63 1250 36 989.9
48 1250 33 1049.25
78 1250 42 206
24 1250 14 369.5
26 1250 18 1110.85
99 1250 55 780.65
44 1250 37 454.5
124 1250 102 1191.9
93 1250 51 1165.95
23 1250 19 786.2
75 1250 51 1051.6
78 1250 59 1248.1
98 1250 74 1144.25
93 1250 73 1230.5
102 1250 62 744.15
32 1250 27 269.15
76 1250 56 1057.35
115 1250 63 476.9
89 1250 57 765.15
66 1250 46 1139.6
63 1250 52 1195.05
46 1250 24 504.6
93 1250 44 552.65
44 1250 28 511.75
67 1250 37 938.6
84 1250 66 1125.55
67 1250 42 1086.75
79 1250 51 1238.25
46 1250 34 1214.2
58 1250 40 785.05
61 1250 39 589.35
4 1250 10 7.55
97 1250 52 603.15
89 1250 46 816.95
122 1250 76 734.85
44 1250 32 866.35
110 1250 62 993.85
64 1250 45 1215.3
78 1250 43 819.9
29 1250 23 232.45
71 1250 59 1190.8
33 1250 20 726
58 1250 34 1063.25
46 1250 35 914.25
40 1250 21 729.25
78 1250 45 935.25
63 1250 37 1155.8
46 1250 32 543.5
88 1250 50 636.25
103 1250 61 386.2
87 1250 57 1036.95
33 1250 34 457.5
97 1250 56 937.7
142 1250 86 875.1
113 1250 74 1151.5
26 1250 16 892.25
35 1250 24 615.45
78 1250 59 992.4
41 1250 28 1097.7
62 1250 39 659.65
43 1250 33 1042.6
50 1250 34 814.9
97 1250 63 1237.85
162 1250 83 839.7
139 1250 86 1005.8
99 1250 50 1163.6
172 1250 108 730.8
101 1250 71 1139.5
70 1250 45 524.9
33 1250 31 512.85
1 1250 9 24.2
51 1250 40 377.75
30 1250 19 585.15
45 1250 26 932.65
109 1250 64 929.2
67 1250 43 1235.45
76 1250 43 1075.8
22 1250 18 80.1
161 1250 95 1059.4
20 1250 30 1186.65
74 1250 51 1154.45
140 1250 88 1239.05
40 1250 23 894.8
41 1250 38 1238.2
65 1250 36 870.75
31 1250 23 950.7
79 1250 54 870.1
117 1250 63 987.95
15 1250 13 1035.5
147 1250 88 1088.2
42 1250 31 1237.85
60 1250 32 490.5
68 1250 41 1037.9
78 1250 44 1021.1
5 1250 8 2
88 1250 63 1233.05
97 1250 45 612.65
57 1250 28 807.4
23 1250 25 1116.7
45 1250 27 979.75
94 1250 50 565.85
0 1250 11 35.05
61 1250 40 1123.15
46 1250 41 510.1
24 1250 13 604.2
81 1250 52 1167.8
90 1250 78 1204.15
61 1250 34 824
70 1250 48 1171.65
17 1250 16 994.3
145 1250 103 1244.25
56 1250 25 843.7
54 1250 41 771.55
95 1250 58 975.55
108 1250 85 1222.75
114 1250 60 1027.3
105 1250 60 1198.1
46 1250 29 1211
108 1250 55 1026.4
47 1250 29 708.85
50 1250 26 896.55
97 1250 66 789.85
54 1250 36 978.05
107 1250 59 991.8
107 1250 61 1123.05
54 1250 29 606.65
83 1250 78 1213.8
19 1250 15 185.3
47 1250 31 1090.9
13 1250 13 1194.55
50 1250 39 1113.25
52 1250 48 1247.3
51 1250 55 1171.15
56 1250 29 910.9
110 1250 62 656.8
55 1250 38 1180.3
66 1250 47 1206.65
104 1250 73 1209.6
86 1250 62 1240.4
61 1250 38 1217.45
54 1250 33 803.85
87 1250 63 1206.75
141 1250 73 1036.15
59 1250 51 1233.8
44 1250 29 1166.9
36 1250 27 1246.7
57 1250 40 1199.4
48 1250 32 1131.05
59 1250 36 1109.7
147 1250 93 1046.95
55 1250 34 1161.75
142 1250 88 870.8
109 1250 66 696.35
44 1250 30 1244.9
32 1250 28 853.25
42 1250 31 1174
31 1250 22 1116.65
125 1250 89 743.65
61 1250 42 1246.2
51 1250 35 1242.7
38 1250 29 771.6
60 1250 49 1229.05
34 1250 24 448.05
28 1250 21 657.9
40 1250 23 1154.15
119 1250 83 727.05
75 1250 49 860.55
39 1250 23 1221
50 1250 24 836.8
111 1250 75 1221.6
99 1250 70 1196.65
79 1250 62 1246.35
113 1250 58 915.25
77 1250 51 754.9
92 1250 51 1069.15
43 1250 34 463.2
65 1250 35 1082.8
143 1250 82 827.7
88 1250 56 717.35
30 1250 29 1186.2
21 1250 20 220.95
76 1250 41 832.45
142 1250 76 463.55
117 1250 67 736.8
96 1250 76 1247.45
81 1250 53 1248.75
24 1250 17 82.5
51 1250 27 857.75
99 1250 59 1061.45
123 1250 75 1040.8
74 1250 48 1215.1
112 1250 63 760.05
75 1250 42 947
86 1250 51 738.75
67 1250 60 1246.7
105 1250 61 1174.65
26 1250 18 1153.85
120 1250 74 1154.6
106 1250 66 811.6
129 1250 71 940.6
42 1250 31 1033
104 1250 54 1215.9
112 1250 74 1240.35
130 1250 75 1220
